500 219 1000000
126 432
405 134
330 166
373 154
258 242
423 117
212 207
136 159
374 185
242 7
102 321
20 125
302 177
230 57
484 173
87 491
335 467
369 224
163 37
25 358
309 191
128 479
184 409
357 482
353 274
180 327
94 348
112 464
374 451
163 8
161 182
479 203
75 358
358 298
287 269
308 213
415 71
309 141
264 319
261 183
161 123
344 198
17 348
270 480
181 488
331 452
143 73
201 421
249 438
498 307
481 131
193 220
319 188
29 33
320 263
22 329
398 332
453 222
422 477
308 202
248 155
229 379
98 159
428 324
155 110
371 409
7 376
244 68
320 295
191 144
2 78
105 131
279 35
24 469
487 117
127 326
338 257
245 133
396 310
93 471
243 304
357 94
480 52
293 277
2 231
321 295
185 49
180 62
375 262
249 206
226 73
145 29
284 439
491 162
440 213
106 121
288 283
313 77
138 220
487 27
496 141
8 272
36 336
22 45
246 99
341 287
109 171
445 193
271 236
464 67
78 272
188 298
19 406
392 391
134 285
393 188
102 164
76 410
158 255
58 256
110 153
406 95
66 73
116 397
194 402
117 314
344 422
408 473
353 50
432 54
211 60
323 142
254 131
280 260
83 307
58 351
356 109
306 5
242 68
281 429
322 220
141 345
168 273
459 204
279 137
266 368
130 178
422 279
448 277
378 283
230 171
478 165
483 272
254 397
44 343
412 393
131 446
405 369
381 497
177 282
10 40
198 158
392 361
106 472
59 8
401 206
308 424
322 235
105 353
475 361
329 39
54 493
170 492
192 431
59 22
148 354
133 350
477 157
230 454
402 227
157 117
436 214
49 341
373 219
91 255
282 429
451 162
327 412
339 182
241 275
106 144
62 442
322 58
241 176
189 95
308 323
334 301
435 334
322 237
128 156
83 48
494 167
314 166
319 426
491 263
105 461
418 228
332 258
66 466
5 413
189 269
86 300
204 182
29 492
46 299
288 465
331 193
451 66
266 124
