437 175 1000000
335 35
236 286
72 189
162 281
23 175
81 385
388 197
192 395
247 413
124 58
434 408
282 230
266 357
79 431
216 403
59 169
36 148
384 209
169 401
386 21
264 67
154 417
123 35
8 215
396 117
435 307
104 369
158 270
421 368
324 10
147 224
194 50
313 397
99 225
61 82
388 91
382 28
399 239
151 115
208 315
372 109
116 434
209 275
29 144
369 197
276 265
27 343
294 224
204 132
359 426
28 393
20 426
400 98
393 52
302 401
214 85
65 427
304 383
17 420
197 343
332 184
183 33
162 413
86 76
100 304
147 341
55 362
94 252
125 337
189 119
315 62
65 276
321 27
237 382
237 99
117 56
433 280
152 333
130 72
304 259
100 135
203 348
394 148
186 287
264 229
228 422
22 61
393 419
292 30
2 340
200 199
244 182
119 165
72 213
9 150
107 138
186 111
435 310
72 200
79 94
281 264
308 38
257 428
3 288
178 429
411 241
206 43
398 188
139 74
198 310
332 71
356 375
401 173
96 15
192 322
412 251
77 1
62 436
160 334
404 251
63 60
48 56
315 197
305 280
59 163
319 329
425 290
17 165
74 363
79 119
228 319
94 169
436 336
146 176
371 101
151 299
290 3
62 146
341 205
47 50
88 156
305 320
277 17
392 43
82 242
297 163
28 369
319 7
197 90
238 236
69 107
113 326
328 29
420 4
231 108
24 337
39 374
154 210
12 84
133 315
148 374
27 415
124 303
359 335
226 74
313 269
180 185
276 314
324 28
17 249
141 420
36 336
197 109
166 88
111 150
