917 976 1000000
154 543
761 444
203 439
190 586
486 323
262 506
467 681
898 679
717 320
169 38
814 168
847 384
597 432
241 775
145 484
170 809
104 574
59 218
472 902
82 543
74 137
31 391
480 494
465 482
462 885
292 488
186 367
475 683
849 535
257 390
429 566
587 805
572 734
20 36
847 313
25 354
548 539
476 879
630 635
777 127
818 138
770 910
488 525
566 410
642 734
773 67
464 669
662 870
744 725
822 16
607 572
343 652
719 865
696 36
413 522
458 472
257 623
609 906
205 574
351 477
97 661
866 386
841 445
497 411
901 369
777 500
259 889
126 432
94 663
173 531
171 476
465 533
59 795
720 55
444 473
538 913
594 359
504 104
513 557
525 690
659 35
81 257
587 463
607 135
363 524
203 543
378 912
905 466
329 520
715 542
197 423
136 840
543 138
464 263
378 694
914 418
663 131
884 368
248 249
714 560
502 421
710 474
758 475
291 817
47 438
371 908
483 654
37 366
3 425
56 353
357 104
178 109
849 758
42 833
279 482
711 815
836 882
554 718
594 480
855 486
608 351
292 460
835 315
835 592
183 643
369 118
381 657
27 760
511 346
815 399
467 112
813 182
625 321
556 890
685 537
356 346
258 590
81 415
457 215
31 28
747 304
3 492
14 279
410 303
491 374
357 694
871 205
425 341
147 324
177 186
777 554
340 517
11 814
724 138
613 587
714 253
159 828
145 506
369 720
40 98
105 442
515 484
729 551
454 694
136 483
623 30
639 433
902 221
813 912
448 417
274 866
599 34
533 196
334 500
452 683
63 895
517 80
303 520
691 338
501 274
515 141
106 454
447 256
131 754
420 126
855 847
712 739
661 508
742 3
680 227
620 415
341 6
614 393
375 540
483 575
574 727
584 359
281 688
259 892
433 616
889 637
241 47
530 138
465 689
32 134
375 884
601 554
73 302
836 774
575 128
613 183
821 917
339 356
563 491
235 323
887 483
785 588
17 528
586 266
641 275
680 48
353 91
41 127
416 547
685 122
769 568
224 191
857 651
603 427
538 27
804 541
397 203
403 683
301 228
244 475
48 353
272 150
454 77
866 490
328 403
518 49
382 875
160 291
680 491
741 757
322 352
397 503
318 164
171 702
564 566
797 676
887 866
358 88
249 425
327 513
245 413
407 497
200 823
492 738
27 543
356 70
583 676
282 859
162 42
147 337
618 833
383 839
171 8
300 112
2 382
178 296
635 577
434 303
162 865
257 418
588 730
512 798
143 118
756 180
786 163
57 50
263 590
43 834
278 587
191 588
254 829
599 528
595 408
139 121
117 634
338 483
188 312
839 291
873 725
47 788
575 111
187 119
814 309
812 453
642 504
384 861
263 251
776 139
670 671
234 329
124 126
77 767
798 512
210 184
271 660
100 421
874 220
611 240
483 209
104 557
36 731
734 385
904 241
851 837
585 795
283 724
909 85
447 255
482 431
38 754
572 775
183 16
181 831
664 731
551 783
177 853
862 302
772 167
46 103
121 782
679 188
313 437
486 797
274 472
428 795
727 162
64 385
535 71
849 288
539 354
151 333
424 263
713 778
493 349
348 546
224 680
894 22
406 156
71 122
652 547
83 673
710 280
222 107
90 218
773 885
520 589
151 624
154 354
163 188
678 330
133 598
391 666
373 545
492 724
318 222
521 109
113 147
588 198
847 639
84 708
825 44
677 165
545 470
347 880
604 1
738 749
814 709
883 546
432 42
221 547
49 899
56 562
82 498
451 345
117 691
183 97
169 236
266 542
860 842
794 690
50 118
776 744
18 283
223 758
215 445
533 390
761 529
302 135
322 844
124 496
650 250
6 880
841 414
134 132
792 409
505 890
521 559
571 115
169 845
670 477
344 106
527 593
851 291
622 396
339 655
869 591
891 685
491 375
856 522
462 187
381 521
793 776
9 697
345 857
320 689
121 382
378 843
783 809
231 158
628 912
676 166
639 81
461 816
571 326
491 793
640 307
635 686
823 216
881 372
698 169
241 291
789 411
770 638
267 49
607 252
796 240
60 206
844 849
811 481
596 725
248 655
703 65
763 648
516 21
378 118
24 280
884 301
471 286
141 242
864 913
447 615
185 623
897 30
165 88
580 748
341 256
312 517
310 72
636 557
367 399
555 84
141 703
607 621
677 28
470 308
57 647
725 367
899 257
651 677
100 351
116 881
511 228
274 469
325 563
191 781
613 40
123 426
268 582
680 887
440 340
660 631
644 107
676 564
448 706
632 613
563 316
822 290
81 274
773 433
414 135
73 835
304 19
641 180
436 258
81 620
97 193
8 666
169 214
589 233
752 71
54 485
228 814
766 892
206 350
34 428
394 69
95 7
476 770
632 587
656 455
900 103
902 815
682 61
3 659
445 15
600 230
637 696
342 229
167 729
22 525
865 510
168 909
163 602
20 291
217 466
738 747
444 454
522 397
219 734
879 49
220 780
237 496
525 295
684 384
880 286
506 505
109 229
253 559
611 806
25 185
24 437
768 730
197 473
129 811
842 739
185 847
778 578
896 183
292 745
165 766
491 86
411 480
209 158
373 864
186 867
636 707
499 229
259 444
747 187
578 636
871 606
626 511
286 187
823 833
435 509
478 774
127 524
370 575
848 74
665 637
199 821
904 791
663 562
400 708
59 361
731 340
190 240
801 805
487 327
805 193
887 315
175 174
524 790
348 757
351 174
600 674
862 375
41 886
606 871
587 354
529 770
883 710
51 5
848 136
501 407
593 264
517 532
230 426
75 822
297 241
680 547
225 596
642 770
535 53
822 103
537 680
731 299
260 461
363 747
913 143
647 526
807 104
818 465
113 409
447 155
100 794
408 65
835 839
582 651
821 462
250 558
141 569
150 767
280 459
701 753
15 307
800 833
516 736
663 4
177 542
374 163
383 220
612 481
613 382
795 260
141 847
476 175
812 261
621 773
903 230
141 57
204 508
810 746
583 736
796 192
707 18
641 172
356 497
41 806
527 78
379 35
793 753
588 252
373 903
426 133
275 122
162 7
297 481
109 251
232 263
892 489
262 536
92 434
582 677
88 319
112 861
440 260
70 319
376 713
231 358
548 352
436 403
25 63
439 337
627 390
239 291
865 83
415 13
599 588
378 288
780 649
550 427
128 405
345 140
339 264
767 62
197 120
330 196
115 445
831 115
24 659
300 19
648 283
204 587
413 441
311 731
479 357
92 558
348 660
568 50
744 626
739 535
781 645
838 237
591 295
614 900
818 692
806 199
764 601
414 809
672 807
26 167
788 377
675 804
510 813
906 603
548 370
50 179
347 823
882 801
525 531
819 773
725 73
17 331
206 370
866 179
705 88
791 632
871 513
281 57
544 18
632 180
13 272
331 477
366 682
245 183
726 226
255 850
405 723
901 848
809 79
745 17
541 309
419 673
230 333
878 681
540 305
778 579
373 893
549 577
492 154
755 789
835 754
888 182
496 796
287 760
618 131
315 328
771 352
442 472
690 323
441 470
17 7
466 534
693 403
270 375
698 661
10 450
794 765
844 246
444 483
576 23
343 721
788 347
457 64
263 425
60 184
656 494
862 851
513 124
813 191
76 144
178 687
172 459
214 395
497 532
572 621
574 580
427 450
310 92
395 730
867 763
159 587
758 881
318 641
57 268
706 641
652 715
54 910
496 887
443 785
437 452
292 443
172 439
561 764
835 666
485 90
148 291
405 462
153 354
75 479
908 276
711 267
725 91
908 634
605 203
446 804
876 529
288 666
541 102
861 131
602 681
85 77
215 363
817 574
771 185
778 228
352 453
330 582
739 314
380 99
835 119
835 242
444 172
373 722
291 843
816 788
806 534
856 412
334 481
783 552
269 212
168 125
775 157
139 281
582 282
489 325
61 465
525 704
697 248
387 476
335 15
56 356
677 515
856 335
534 166
160 277
382 443
435 525
507 354
158 302
770 18
481 511
715 605
390 375
100 624
522 722
569 527
531 666
365 841
697 818
558 514
727 570
815 672
518 372
487 361
308 437
833 539
917 534
301 791
781 272
544 838
809 813
197 187
238 577
460 551
81 267
876 766
393 672
508 312
297 546
410 347
231 419
268 377
192 5
408 835
165 485
488 494
605 126
358 81
467 818
404 66
625 20
880 422
533 153
718 67
209 256
685 436
517 490
109 741
126 458
379 736
655 620
847 855
627 497
896 67
604 634
575 852
687 182
198 843
177 399
136 441
556 85
24 626
857 470
20 152
715 853
885 138
786 315
715 39
567 673
80 537
768 806
150 50
883 866
842 886
694 867
911 810
890 190
203 905
20 771
194 861
184 411
508 566
237 448
497 147
244 32
36 397
400 470
778 713
197 608
35 45
917 62
294 669
662 543
280 584
568 563
470 798
36 881
330 209
703 830
