659 480 1000000
262 553
293 78
77 143
376 653
125 248
425 104
338 557
50 398
346 578
315 499
341 511
549 617
180 320
528 603
305 242
571 26
45 398
589 452
462 197
424 401
513 493
113 438
272 247
617 20
182 414
434 251
150 122
435 394
526 315
328 634
523 80
199 297
58 318
397 265
40 43
252 27
106 64
317 349
546 277
309 164
472 604
394 622
614 104
181 591
133 291
249 54
540 565
376 37
78 271
456 98
8 123
461 314
486 449
479 584
197 42
10 234
459 582
607 331
600 374
281 457
269 27
340 165
526 452
644 282
516 116
156 331
243 514
281 63
360 468
598 364
650 144
201 345
195 18
305 629
531 526
400 424
338 483
52 312
652 224
591 305
600 48
190 442
436 161
586 49
208 513
333 522
84 474
195 109
522 646
277 139
269 16
444 524
535 86
3 405
570 61
420 204
313 312
428 373
344 309
21 215
618 118
518 448
52 572
135 493
197 481
207 145
362 38
300 589
416 289
468 233
62 621
425 52
340 330
625 35
119 97
404 445
552 257
269 382
451 172
423 30
12 69
238 220
14 166
583 507
513 300
447 193
426 161
492 311
302 650
653 167
346 493
546 556
64 151
138 55
325 466
476 585
626 9
526 197
266 32
630 112
321 148
33 627
633 629
421 653
602 460
232 562
474 77
306 261
433 168
205 78
241 367
320 569
297 64
615 584
8 133
58 237
521 619
523 561
104 2
597 245
287 217
636 203
15 504
263 139
386 385
20 363
159 565
433 292
460 289
13 393
460 657
229 457
374 406
549 34
342 204
206 424
249 492
465 32
381 138
172 342
463 288
444 548
170 644
491 576
26 451
307 426
149 227
543 281
534 555
279 562
339 555
189 123
340 238
440 655
459 353
263 657
483 323
58 270
657 301
105 462
280 398
136 356
574 533
285 414
414 267
238 314
648 78
268 73
424 616
170 420
654 439
67 546
95 351
431 483
281 339
33 596
477 288
513 37
153 485
299 21
88 82
539 360
201 62
186 451
373 173
231 128
198 158
62 564
88 38
104 99
8 71
589 376
207 341
612 433
538 546
225 119
365 184
318 17
105 129
623 480
122 526
310 203
469 387
235 396
130 547
598 255
184 460
282 290
360 5
100 529
287 95
430 271
383 455
118 534
546 171
488 522
100 89
549 78
347 169
264 7
449 204
382 636
122 137
342 277
499 448
533 177
510 114
479 400
358 264
55 277
107 204
433 334
432 49
580 612
115 475
336 555
282 557
233 558
96 389
194 337
460 619
536 378
469 166
423 12
630 75
192 314
304 652
653 497
195 592
120 406
46 478
120 320
69 507
482 512
80 286
486 293
589 322
624 229
111 462
8 499
99 629
181 526
607 230
14 487
135 154
244 490
653 394
160 121
651 192
519 50
248 545
207 601
403 545
629 546
232 60
355 546
363 119
171 514
75 169
152 533
7 28
379 425
154 548
275 313
403 638
430 427
592 588
464 504
166 634
493 648
83 594
55 584
14 440
90 413
603 247
649 639
139 340
542 629
343 358
577 178
76 226
386 532
366 79
557 510
62 441
85 303
169 98
417 407
601 479
296 311
309 364
216 597
387 392
644 335
71 323
27 273
372 334
249 401
246 73
140 74
157 291
343 218
503 339
451 152
106 491
134 514
517 333
550 385
17 266
147 571
363 657
152 112
162 235
208 325
32 655
105 21
52 296
354 68
306 406
280 455
168 339
128 159
276 10
448 413
473 433
631 223
214 352
589 68
209 538
13 577
300 175
592 425
390 20
331 54
504 450
481 67
87 456
404 270
21 36
112 200
338 71
639 125
556 600
582 578
361 486
586 286
284 146
314 494
110 203
267 236
608 336
203 576
301 440
259 74
260 540
91 158
209 145
293 301
605 323
437 50
462 22
492 468
470 38
420 140
328 463
502 281
211 40
375 528
250 617
506 172
13 490
4 458
638 425
504 79
171 94
116 415
585 216
423 56
249 62
412 613
140 7
510 399
481 380
252 305
567 8
456 593
567 413
107 247
504 113
394 589
122 484
319 520
209 514
346 385
454 232
39 285
130 189
423 129
492 319
170 546
520 583
40 425
651 281
5 503
206 447
61 220
558 50
204 124
613 606
10 548
288 355
80 179
399 110
541 111
542 559
646 471
327 306
32 150
11 220
364 2
