656 808 1000000
415 32
68 537
332 138
165 389
293 565
121 592
359 277
185 590
115 646
31 227
87 61
629 440
108 530
409 156
229 159
81 484
59 391
329 131
225 538
270 222
334 172
444 513
404 463
53 459
95 581
182 57
323 54
567 459
6 262
357 634
199 115
572 267
254 299
298 586
436 260
233 38
624 122
440 571
351 301
115 254
288 75
190 348
38 426
191 138
577 173
458 1
456 529
641 72
652 271
131 40
130 12
302 594
218 455
223 214
537 72
149 97
464 272
167 212
25 349
25 221
299 148
444 348
275 16
345 584
198 307
552 218
442 586
340 249
653 8
490 22
642 468
254 213
627 560
97 351
245 242
331 260
607 258
121 286
422 589
198 337
420 483
635 139
473 612
79 352
493 19
300 394
50 173
365 337
397 333
357 480
536 161
531 4
395 257
228 303
299 635
361 150
201 654
410 520
287 56
458 48
400 342
198 53
570 191
467 13
508 496
400 474
94 648
110 270
268 155
474 302
628 292
616 239
485 410
375 442
311 605
516 425
597 1
336 220
374 425
67 189
442 577
394 359
257 383
248 469
619 332
373 248
414 424
383 481
235 601
1 651
399 356
241 306
383 171
290 477
414 301
549 82
181 179
430 251
624 381
278 188
181 339
626 87
572 218
285 559
362 107
469 550
125 293
288 324
220 219
521 69
442 107
273 561
607 136
59 536
239 131
484 161
338 565
157 603
143 351
75 623
130 542
431 429
575 382
508 390
577 155
575 595
64 456
61 511
246 25
645 376
214 314
541 287
347 535
526 594
173 352
550 646
148 233
481 404
441 555
621 547
435 258
188 320
268 335
542 427
412 137
179 116
475 112
54 386
510 6
362 81
76 535
347 349
112 559
1 612
645 328
267 69
52 29
398 562
649 114
53 513
231 523
439 131
645 229
539 107
49 126
480 586
382 646
159 459
195 262
632 580
640 83
90 341
273 482
9 519
631 480
388 653
594 533
515 296
93 195
494 505
411 591
338 598
483 164
230 452
393 146
568 579
157 453
21 89
562 163
41 409
6 372
48 324
131 394
141 80
67 384
235 268
568 241
135 554
132 121
139 125
331 179
333 623
59 391
405 56
628 453
594 472
428 130
42 166
557 630
540 143
96 476
434 392
121 574
533 29
463 488
191 531
382 625
270 188
306 508
587 59
415 93
438 268
647 169
44 263
144 443
320 148
54 512
602 125
620 478
478 619
404 267
524 177
53 478
495 332
22 69
12 194
18 597
50 572
130 305
192 419
225 295
550 413
240 352
157 485
311 104
13 652
201 604
407 399
195 429
467 43
606 64
28 101
137 402
367 624
132 271
59 195
456 242
488 240
205 313
233 49
572 638
473 214
55 229
541 278
143 482
179 571
430 472
31 171
113 427
625 497
352 198
451 478
628 287
300 348
611 419
298 35
56 105
649 549
634 640
444 68
105 439
2 618
23 468
184 580
526 188
248 321
46 40
342 570
636 472
423 335
540 307
466 358
492 444
175 155
483 387
237 353
380 153
220 624
638 641
17 16
384 264
373 319
259 139
308 164
146 23
47 653
228 319
652 50
101 16
120 647
547 114
139 69
511 222
239 427
442 470
428 565
545 651
199 27
637 656
289 503
388 387
135 441
126 263
412 23
257 216
580 495
308 169
557 571
360 653
365 436
532 140
600 439
600 172
443 21
321 245
253 547
73 39
487 67
601 109
205 28
103 454
594 119
188 626
640 3
464 515
210 110
536 3
292 478
623 578
430 360
439 42
268 46
590 311
240 503
163 159
195 194
492 349
72 139
603 516
541 441
338 123
482 637
649 23
455 409
461 593
582 236
610 130
178 337
286 350
39 491
308 600
216 21
116 359
629 165
286 212
236 174
604 103
545 192
393 419
584 316
495 611
18 214
75 218
399 26
216 21
49 449
191 350
304 131
217 2
293 550
433 173
45 218
624 138
315 102
561 209
473 193
482 645
327 640
552 511
494 512
105 106
628 4
616 170
604 378
423 627
94 283
175 557
170 552
441 638
117 215
377 49
454 330
466 208
283 432
264 10
611 18
648 273
220 511
340 342
474 507
442 177
13 118
151 319
145 357
450 264
484 254
449 584
298 297
89 434
263 280
522 35
534 153
205 434
348 127
538 388
591 497
578 378
253 28
572 6
4 52
256 23
327 235
296 318
8 159
212 166
417 401
197 299
193 167
620 24
152 648
644 393
498 203
230 452
478 57
414 363
404 487
370 137
74 246
249 347
330 630
281 383
553 611
7 179
280 322
237 447
57 10
137 9
24 279
226 571
118 11
416 340
511 607
82 110
377 243
253 623
308 331
259 413
69 122
175 395
370 357
447 132
151 280
339 539
254 20
545 484
301 221
480 498
652 532
487 290
315 302
458 9
550 300
579 133
257 373
228 576
81 552
184 230
442 135
426 135
173 54
64 37
474 223
446 571
232 41
500 196
563 456
208 111
212 288
599 542
25 632
393 579
317 249
306 402
342 184
301 58
198 327
554 148
584 248
521 110
418 651
430 349
6 231
351 223
443 345
290 527
647 522
352 264
483 167
177 11
545 542
114 263
467 514
571 290
310 25
153 354
436 343
458 207
489 389
172 464
563 607
554 525
110 368
606 126
356 242
69 272
607 429
457 427
359 465
548 18
252 159
583 22
15 110
179 514
181 46
321 119
135 276
479 40
491 376
55 621
332 329
652 543
600 649
240 400
570 166
170 50
452 616
502 626
414 271
117 274
628 133
49 34
418 553
573 491
123 523
39 254
220 408
422 603
373 344
571 95
641 422
103 79
333 449
418 178
225 95
468 271
590 371
452 621
539 234
510 11
615 97
342 551
364 27
524 140
163 169
459 11
178 553
410 12
340 362
311 452
637 633
656 138
614 128
505 378
233 428
135 647
609 194
621 361
173 46
628 254
218 75
653 316
597 479
598 157
93 17
135 380
26 600
279 482
225 29
641 354
100 622
333 459
165 639
272 501
515 623
115 34
370 339
591 250
85 69
408 102
453 377
603 94
549 207
477 430
140 273
298 131
643 164
27 465
536 291
143 639
648 142
610 368
3 161
411 131
145 414
477 68
502 426
309 140
66 413
239 463
430 361
432 585
71 426
588 372
424 210
278 194
152 96
82 589
602 297
653 634
266 622
646 137
221 540
106 394
232 179
349 380
431 378
197 616
365 62
507 85
24 374
638 318
243 468
475 60
310 118
129 491
83 81
600 221
545 561
99 42
463 367
545 347
134 33
195 138
95 115
638 56
372 628
508 261
302 52
256 604
219 507
316 648
262 451
609 647
5 551
469 137
198 279
206 552
33 255
506 55
55 489
500 242
505 629
142 192
618 301
163 645
365 607
548 533
399 377
231 415
187 428
27 458
236 380
636 145
433 305
216 593
324 217
641 117
349 444
362 589
8 43
312 495
51 233
80 1
278 608
440 70
236 63
267 236
571 48
335 631
239 153
26 339
4 196
605 189
136 126
63 325
277 394
258 589
150 157
473 274
42 154
103 68
566 34
396 422
527 128
575 72
555 470
291 483
271 8
565 568
613 77
101 132
206 648
515 293
398 93
459 553
373 63
591 264
629 624
180 457
231 228
124 513
149 424
290 182
204 456
173 484
518 175
628 573
270 650
