413 363 1000000
70 53
39 135
273 354
221 196
84 174
297 202
93 269
296 258
191 230
369 404
134 195
143 8
374 205
239 100
163 62
311 138
274 108
381 168
304 321
231 334
299 319
62 336
8 354
38 19
305 78
403 3
356 302
236 82
317 43
131 257
30 195
296 207
220 166
165 11
20 260
369 390
297 36
258 293
378 283
323 215
253 93
276 10
156 167
193 77
332 14
279 404
367 102
71 245
101 66
86 56
308 362
277 85
3 68
389 254
130 210
328 308
153 90
332 10
400 399
410 373
26 12
55 63
296 117
102 143
69 316
39 107
341 401
395 83
123 365
185 27
282 59
47 152
148 296
343 31
278 295
154 269
132 209
325 108
39 240
88 136
341 5
270 67
167 232
231 138
17 55
118 229
128 5
247 337
409 326
318 103
291 324
217 393
116 298
375 167
257 80
90 158
277 313
296 119
274 228
330 81
69 120
184 134
43 114
280 342
16 35
403 52
262 34
193 370
230 356
391 56
300 70
150 3
74 79
195 209
387 112
288 29
55 22
407 219
312 372
13 180
146 52
75 304
28 171
85 394
83 242
176 216
122 54
162 393
12 293
16 104
90 344
208 295
158 106
128 170
190 57
5 120
158 411
98 297
337 133
302 328
9 11
28 255
226 75
295 347
348 133
223 15
136 106
31 208
311 277
191 196
336 107
208 163
69 92
153 112
41 181
75 371
187 43
385 63
3 320
173 253
313 312
258 125
80 228
12 347
58 97
381 328
190 119
59 126
220 409
217 347
175 379
194 19
3 51
137 20
406 71
366 280
376 265
58 365
132 332
334 141
333 225
359 364
183 49
312 59
182 398
29 298
220 133
401 172
196 155
340 289
387 256
225 326
338 201
212 361
122 174
78 255
382 110
46 334
370 319
245 9
387 298
213 281
228 382
312 382
196 71
155 312
404 370
189 89
269 12
86 380
321 3
303 129
50 81
191 22
260 46
368 213
264 398
202 215
309 143
25 86
144 95
227 265
24 31
330 136
370 364
208 218
342 338
14 305
409 82
354 100
78 343
376 40
396 334
180 331
114 106
383 334
72 215
190 140
48 55
404 68
312 195
169 19
136 278
24 325
186 374
99 308
58 251
183 375
216 72
82 374
291 60
242 156
317 24
172 130
207 263
30 4
138 120
47 262
352 47
54 57
231 199
188 3
266 158
47 198
25 328
153 336
349 341
386 75
231 254
174 300
21 230
266 213
51 92
381 24
323 104
237 157
23 269
222 175
142 43
245 298
283 201
280 298
389 179
211 234
320 108
48 313
135 33
184 248
108 351
47 375
264 64
314 256
102 2
374 54
241 37
213 251
299 174
35 358
344 254
401 268
413 351
162 243
218 50
220 370
384 301
407 189
2 74
186 247
33 119
38 241
232 4
194 361
21 82
347 125
361 353
197 99
369 40
155 58
69 274
320 35
211 158
318 287
286 60
373 296
151 55
146 323
333 213
349 397
396 388
52 277
342 301
371 314
402 396
134 215
52 116
186 226
321 264
151 34
279 86
116 40
217 91
81 301
355 76
251 335
232 201
121 150
307 93
305 342
242 34
195 63
327 228
320 215
37 335
346 225
93 314
384 338
230 403
148 109
280 84
361 79
308 176
150 26
159 378
