882 367 1000000
217 368
880 222
188 312
742 47
319 318
420 391
600 660
690 679
759 44
366 692
279 642
824 854
688 124
78 553
8 155
825 34
760 806
391 68
232 805
795 181
627 869
695 414
140 812
712 628
3 729
181 355
280 185
176 301
265 99
455 505
601 871
765 393
165 418
357 875
876 108
454 310
873 158
399 32
179 374
65 345
425 315
4 508
479 540
646 814
64 546
487 814
718 246
525 394
363 401
49 454
97 558
790 128
85 526
143 707
857 28
618 822
332 473
653 525
433 388
163 373
859 205
686 543
688 849
3 688
113 88
238 244
21 473
548 68
214 522
859 756
479 440
231 519
861 349
735 862
35 319
744 651
222 667
575 30
342 103
815 458
378 856
674 177
41 585
664 875
882 572
797 39
522 395
54 530
695 409
101 147
210 708
299 701
686 32
75 518
43 737
283 592
71 583
791 863
858 623
197 600
753 560
26 382
517 476
675 243
235 157
140 790
132 196
828 106
488 174
382 331
536 633
311 669
106 321
430 100
858 405
225 453
415 755
191 392
269 172
420 146
508 327
846 807
51 686
306 424
479 638
335 121
540 467
460 355
4 513
209 876
333 786
749 404
333 732
341 525
9 120
16 293
702 208
311 628
146 709
838 100
206 396
794 457
49 676
12 441
402 866
429 264
613 483
870 105
487 8
181 741
670 338
700 792
39 1
764 274
818 352
731 90
229 432
376 143
822 86
319 579
823 701
838 27
514 737
10 408
652 804
284 227
131 85
360 369
323 456
253 470
673 223
58 468
739 684
757 233
587 14
593 64
393 125
321 182
169 431
664 19
404 223
57 819
457 109
45 101
10 788
213 22
35 691
455 852
607 878
859 526
29 798
218 724
268 817
842 397
430 669
201 270
327 290
32 776
572 202
785 73
47 634
606 267
592 46
781 571
605 643
719 400
262 190
585 461
355 357
644 214
515 72
490 745
356 805
106 438
606 215
26 422
41 382
87 326
758 8
369 346
561 570
265 83
13 183
95 742
276 116
732 503
555 831
604 424
485 262
519 204
719 143
721 549
343 536
488 674
165 714
696 860
569 423
257 78
121 75
245 639
867 330
847 56
622 162
331 99
269 872
501 663
721 693
798 782
735 431
840 516
700 766
458 133
658 693
460 204
700 251
236 514
152 716
578 828
337 67
322 98
877 693
766 872
584 350
425 39
376 454
174 203
112 645
140 200
624 595
859 109
458 461
12 312
292 731
155 632
631 753
510 174
173 87
319 851
817 435
22 690
392 26
479 95
88 137
306 697
664 657
155 882
290 233
694 822
222 745
679 66
388 740
877 80
781 121
867 188
728 59
145 294
393 849
815 536
733 363
85 685
477 392
640 817
824 725
342 426
603 405
584 813
249 579
620 562
601 61
858 300
248 865
425 292
320 376
3 473
77 454
152 107
799 757
746 23
344 840
169 685
560 580
652 167
847 388
34 456
691 91
206 835
319 738
722 629
299 312
466 753
666 138
551 287
215 246
21 417
492 674
633 324
595 592
497 112
201 159
416 643
282 713
378 354
475 121
103 215
243 168
651 215
228 773
2 426
764 737
862 399
574 868
727 375
217 342
798 347
864 566
448 680
638 624
214 456
188 117
330 113
397 236
800 273
645 46
531 87
39 525
323 859
10 748
