9930 10176 5000000
4180 1055
3442 9674
2123 414
4317 5981
1930 3422
4685 9316
7094 9490
797 7717
9538 2833
939 1552
5594 338
4705 5473
3906 9751
1743 5740
4873 4926
5144 5482
7116 6236
9899 3233
1726 4142
2944 8022
5351 2544
6408 4501
8687 3468
8709 7711
8036 1150
3857 4481
2642 30
670 5235
5279 6918
1279 6211
2930 5961
7273 5699
520 1309
9609 2939
383 3193
1937 7037
6989 8278
7083 9790
7303 4201
7742 6569
5184 8276
709 6130
3971 667
2378 8453
4021 3310
9619 1574
166 1849
6428 7294
5849 7675
3669 189
2358 9133
1787 3547
3408 2494
9220 1181
9875 7865
7958 4717
9654 9691
4894 3304
5963 7189
8241 9593
8875 2513
8258 88
2963 5409
6794 7576
7922 6865
3192 6538
5227 8986
2690 9370
1095 5328
6940 8179
2806 7267
8367 9764
7654 2908
5261 6049
6507 8840
7106 6569
7493 6060
461 3775
1851 258
170 3382
1511 547
1955 8377
8064 8387
1457 1418
8846 7212
1025 4296
941 7334
915 9202
3513 8300
2830 605
9915 6474
7705 1128
8615 3784
367 3586
3559 1418
4455 7458
8401 5518
1002 9274
9261 9196
8340 9736
9309 2786
1279 1839
1501 5484
8936 7640
3691 9065
7376 3051
7560 5668
4157 6182
2325 7365
3767 2902
1513 5805
3738 2152
4508 3109
6910 2585
1661 4000
8357 2799
7863 4811
8862 7482
7098 8208
3511 1560
8516 6130
2148 9176
3942 4911
6877 42
216 8970
5353 9264
3229 3412
8514 4288
1217 8878
4304 1848
2642 4619
3070 8305
2645 2587
56 4176
99 7407
8436 2464
7801 9761
7236 4164
6678 8612
6694 788
4179 8293
3184 2494
4936 9686
3603 6591
4637 1946
8875 9742
804 115
9241 559
8240 3411
5127 9034
8277 2260
1941 178
1411 3592
4575 9188
6149 5349
6526 6197
4489 2735
8585 5829
2311 4825
7703 4996
3390 6589
7513 9858
8259 8390
1658 1082
7318 587
2114 7805
2793 8957
4799 9876
8989 4664
6605 840
9443 7237
7479 6291
6273 3211
2723 8081
3561 908
5197 8698
4398 356
3244 6791
2836 165
5406 5065
7628 6295
968 6785
7604 2638
9457 9926
3210 8398
2533 1586
3703 7431
9419 9655
7196 5875
9465 5971
14 2577
6294 228
9168 1290
3671 8926
8259 5140
2519 8907
3159 511
805 3886
9072 1929
3283 6801
4301 3360
5728 532
7827 4725
2562 3356
5333 2769
2289 9376
6427 1698
684 7276
511 1787
4863 7370
1533 2295
241 6479
4904 766
2631 7025
8932 439
4654 7482
5499 6769
2995 6553
9050 4885
5735 6696
3198 680
1455 2196
8928 9192
8885 7822
9032 8698
9440 9120
1476 9086
3135 4745
6702 8879
4211 8389
5695 8838
98 9103
8937 2163
356 8374
2230 2838
8935 2648
7055 8477
4811 8005
1704 4677
9660 9232
9619 8631
7996 8244
8026 1109
5872 5170
576 54
6764 5936
8861 8545
9026 5206
4823 8452
686 6955
7743 9246
1169 963
4436 7903
5207 2312
3718 2862
9585 1374
4238 346
6686 7070
6234 2912
708 5987
1290 1897
1274 1042
8644 6647
3062 1362
4516 8131
7604 548
1713 8444
2053 1242
3063 2394
9642 1074
7586 7052
1394 4668
2743 9171
9671 8456
5285 1211
4624 8969
2065 1336
7712 7700
6588 8368
5038 5870
1107 6906
7099 4393
7472 2058
8952 1492
9523 6984
4256 4153
7106 5783
1108 8005
9830 3510
6739 7980
8377 6752
8315 8149
4217 4547
4482 5667
3965 1574
2905 4601
8589 6827
8979 4339
8420 3354
7359 4589
9128 6161
584 8107
2893 5575
1084 14
5812 7328
8547 9924
4249 4850
6301 618
1755 3055
4048 83
1905 5776
6932 9266
2544 1804
118 6731
5775 2922
1594 2286
4569 7600
7788 2552
7707 3240
2890 5957
3776 1337
3970 7877
3903 6318
9767 2517
9884 8674
9153 5521
655 6329
9503 5471
3792 6905
2794 9226
3357 163
1837 772
2906 1733
6131 5259
1419 8944
7428 4814
3941 2903
1152 1802
6697 4045
719 3678
7064 2238
8346 9644
766 7706
5767 2695
4057 3485
2230 9434
2017 6653
3034 8458
8253 5279
6730 8460
9111 7639
8191 1129
2847 5594
9484 5843
5068 4609
8047 465
211 5140
6104 5127
4648 3613
6025 9099
2536 6526
9470 4756
7703 9101
2067 2562
8058 8576
6567 2283
941 354
4312 1349
6516 6325
6164 140
2129 1585
6232 3625
4376 7722
2721 3556
77 3308
4481 3711
416 8954
4191 5307
2384 2588
5596 7126
2129 9920
1303 8562
4137 1139
3765 1073
4767 3719
6191 6084
6689 2547
9813 3576
8240 7589
8011 1697
9461 167
4744 7327
4277 1303
8973 2186
4117 5909
8916 464
4196 6707
9834 8815
4122 9604
9555 7104
9520 4073
2483 9576
74 8451
4392 2323
2868 4288
1332 3624
3136 5137
3247 9231
1149 7390
8752 4485
7238 9233
2457 6464
1020 7355
7595 1917
6919 1112
6201 7144
4446 4637
4420 738
7453 2141
739 7119
1074 9543
2235 7259
9664 4648
847 6289
4242 2732
3362 5743
964 8984
4859 987
6303 7950
8243 778
7911 1335
2771 3438
3971 3051
5373 9796
9636 4894
7174 9553
7906 347
2634 5445
9206 689
8904 5619
3107 9025
23 3059
3339 2518
5498 1387
7623 4680
1966 8493
5617 4630
9762 2875
384 392
6916 7208
3409 5174
5604 6523
1512 4863
50 142
1200 3185
7892 1465
6611 9689
2065 186
9861 9483
1211 7845
5662 7809
8999 9745
7833 4813
5329 1993
1392 9077
3076 3886
7178 411
8826 4880
514 5264
1652 527
3545 5715
9674 6992
9328 1749
8723 9816
1829 6260
9146 6758
1115 9176
1498 6720
5649 4611
3089 4850
9577 5650
1273 636
2068 5474
7395 6293
9856 3108
1042 5218
5010 1934
8461 2685
1100 7819
5467 1014
4910 7036
9791 1287
9065 458
4325 2902
6394 2389
3273 7116
8339 5358
5662 1451
1049 7090
9479 4267
9862 5449
7956 8048
1724 8300
9595 8341
394 7413
1192 5703
5121 7203
4766 8392
1416 3408
7591 233
1602 5046
3756 1136
5531 4497
4875 838
6514 9683
5821 8553
1951 9160
9209 6221
7567 8584
9587 8674
8749 718
4919 1803
858 1796
1513 2116
2378 1155
6772 9390
1105 3611
458 8489
3810 4518
7929 7506
7915 2069
7634 7220
5122 3525
6333 1806
2889 1697
8428 7039
2674 7992
4314 2514
343 6355
9150 3500
6453 8904
9743 6238
8547 3772
7383 5543
6615 9480
8118 6490
9661 2217
5249 4779
5530 2897
3427 2406
112 802
5251 4767
9225 3640
6903 8541
9724 8370
5099 1189
3131 1300
2445 8249
4276 7709
910 3350
2021 7758
8794 2084
2950 1725
6729 428
2409 792
33 1847
26 7450
5044 8420
7296 6704
3865 5513
2937 6722
6882 9225
1580 6473
6213 7774
6135 1376
4905 2779
4998 3328
960 214
9362 2234
9410 2980
885 3506
5767 357
8524 5708
2976 9877
8027 1756
4673 9016
8021 9214
401 3826
1427 9677
161 42
2291 8593
219 9033
3282 9513
2687 8274
7240 9880
9555 3187
3018 5554
9773 1075
3201 4897
1723 9049
1565 2005
5888 5587
3402 627
7754 6342
9747 3773
533 7695
2672 8893
1398 2932
2859 5788
7671 1442
3789 1791
9301 9072
2805 8660
5112 8888
5083 5955
706 5644
6384 4992
2926 7011
2183 2488
145 8302
2336 7905
3854 8994
3214 1780
816 4754
2152 9335
7468 4219
7792 3021
7500 5532
9533 8069
9108 8900
2749 2649
6734 2978
5735 1974
3435 4096
4120 5273
6356 8874
5854 4136
4529 2115
2459 615
1926 5779
2310 9759
9187 9760
3395 2922
4230 4174
8322 8863
3284 1803
3032 2780
5736 2718
7925 2841
8267 5604
430 355
229 7011
2964 3414
8138 3175
169 6322
1953 6800
9176 3124
6393 7750
9078 9182
8327 8132
4977 7528
9452 6055
7619 9319
2567 2731
5234 8308
938 515
5823 168
1295 9848
8875 5216
1499 7319
3947 9392
566 8761
9446 4873
2833 4294
3222 1201
4490 3222
67 4959
6587 7408
8078 8900
5459 6245
3537 55
3585 5834
611 6191
8003 9685
4626 5021
268 1655
7317 7494
9646 8884
7707 4715
1723 5042
7438 6330
4655 7700
461 729
2655 8703
7297 6499
7547 2315
1869 749
4012 5337
9433 2266
1079 4006
2333 3260
582 9042
2084 924
6287 1318
3774 3092
3675 1700
3309 2750
3494 9083
9096 8507
2663 360
8012 874
6646 9092
9770 2088
6462 9344
1535 4970
4848 3378
9161 6047
2215 1678
9663 940
4053 4036
8033 3001
8894 8779
1049 9182
3466 5987
4804 5687
2914 5820
338 3875
5220 6204
8527 2737
2993 3208
8503 4852
9463 5538
3341 2798
1976 3947
7203 5046
9663 468
9769 501
5219 2620
8319 1928
7736 1914
6262 4079
3229 4391
8801 8647
1524 7528
2124 1864
3719 3645
4498 1241
8340 1479
3238 376
7410 6210
9137 9916
4827 3269
9252 8664
5238 8978
9840 2374
6145 3575
8920 59
3797 9872
7532 8617
5152 5278
8708 6208
9382 792
7575 6634
5096 6350
2106 8728
8311 9304
626 711
3176 2376
2650 3731
9398 4696
1341 5524
7197 7644
6032 3392
4244 5161
2879 9698
831 7353
7699 4599
3425 1417
4617 7973
7224 8010
5315 5448
3885 8437
5846 6062
3894 1871
1612 6995
2592 7880
1071 8117
2649 5663
8068 2887
5390 5819
5206 4223
1724 296
8480 1922
3431 9
7642 703
2779 4702
9883 8880
1235 4337
7634 3355
3853 2719
4569 5147
7116 2738
4447 6827
9749 828
2238 1853
8692 442
5386 3513
5951 9315
3231 785
3235 6903
4465 6679
9168 6956
8246 1997
6830 9026
8154 8238
1239 8420
5179 1770
2188 3136
1044 9455
2871 2309
8441 442
8940 1049
2601 9396
2847 294
4481 8801
9886 6718
3863 6507
3539 2122
100 8320
5150 2470
5257 8265
7472 4869
5163 5636
8958 7276
3988 100
8529 5962
7055 1938
933 2844
8115 2810
8882 2575
254 5341
3695 9909
8965 7301
2205 4164
1451 6892
1779 6468
6266 3432
4840 4309
2063 3135
5714 9251
5694 258
8621 7414
8757 6097
7004 9416
6949 6158
2927 6004
8472 3984
1417 3461
9685 8862
5719 4433
7800 3515
8932 2805
1182 8156
4289 5065
8073 1510
8243 7368
8743 7122
5917 997
1218 1863
6990 7285
7205 7238
6572 4377
245 5500
2157 6781
1729 2730
4546 6959
7651 1586
7794 8139
5629 5000
4381 7131
5740 3860
1625 2525
5448 7958
1230 3160
3826 3986
3710 3335
6811 1046
3232 6546
4920 5103
5774 1464
2243 493
9004 5101
7873 5345
8467 557
2089 7908
7792 895
3284 2623
6951 4645
8549 8321
3838 1059
2319 1109
814 7277
1415 6950
1386 9704
3470 5
384 3122
4724 869
7882 3042
2904 7201
1885 7726
1305 2793
1060 3163
2040 8404
9664 3575
3894 2981
3058 2658
807 6597
3017 5506
3291 2232
9487 4730
8663 4723
1897 9299
5423 3213
4488 8393
4573 7877
3693 4420
9328 4241
8381 597
667 1304
9388 5691
3654 4572
6924 8826
6044 34
4754 1504
8153 313
7531 6911
421 3528
8968 8991
2830 6324
6288 7998
9757 3656
3010 5300
9577 5358
1263 6532
6547 7591
342 7352
2349 7656
473 6227
9734 4341
5589 5539
9619 5737
1454 6108
4320 140
5592 4330
5974 5153
7818 7265
1583 2474
1679 4162
8901 3465
874 180
8824 3775
303 4915
7046 2064
7949 7282
7576 7732
8617 7650
4002 1237
4792 9923
749 7669
3922 5761
3953 6706
8582 4168
1713 1095
6099 450
1273 7376
3902 5002
8508 5036
8795 7923
741 4735
7283 3390
820 3742
3588 6465
8751 2634
501 5477
3769 9688
7624 7926
8559 6894
549 6461
5395 1299
7271 7108
2014 1832
8077 2735
9145 9735
725 6300
6375 689
3112 2170
5199 5417
521 6244
3938 3713
7584 2155
6989 9290
9830 5274
2240 3307
2052 9332
6437 5313
6197 6273
5495 7805
3087 7724
3098 4264
9558 3048
6570 4269
1424 7075
7836 3940
7631 9710
218 4345
3415 8961
1888 349
6040 6172
8307 5933
9636 9214
2289 5295
9858 9230
6802 4710
2101 8139
1348 5014
4227 4435
6878 1720
6483 7675
4400 2208
2959 9017
9301 4052
3885 6910
2091 6805
5730 4679
8659 5266
7820 1407
7721 1787
325 7353
6797 9013
9759 1959
5127 6563
776 6964
5875 6157
9256 3150
1524 4907
4694 837
6678 8083
5520 1641
2041 1401
7511 9817
6038 921
5191 4399
7756 9599
8447 6099
681 9331
6920 3203
9064 7076
1294 6023
9456 8542
6527 9256
5382 84
9397 2242
6923 8428
9547 2484
8096 9205
3896 152
4020 5030
2889 1771
5709 7562
722 929
370 8704
5005 2327
1622 6358
2825 3891
6609 3721
7247 7352
6844 1460
8918 7292
8740 6555
7791 8728
3359 4621
3495 1500
177 9463
4944 3463
7153 872
6263 3939
1962 7728
1464 9343
2286 4554
6784 2422
7152 3318
9778 1286
9074 8408
2903 2796
1663 5442
263 1641
7302 3651
7177 4391
9828 1668
2923 5243
9158 8139
7822 7906
354 5380
3954 2312
3290 6977
6612 3569
1021 5598
3982 5959
6544 2330
6592 1736
1090 2012
340 2972
6419 790
8775 4171
3501 1155
404 8321
6363 4993
4357 5252
7956 5622
7682 8241
554 8612
180 4665
8116 3408
7230 7516
1596 4561
9462 3958
5748 9347
149 501
8780 9764
6258 7390
9707 8973
5870 8319
2045 8742
7676 2742
2604 2598
2552 2405
1774 9048
7112 6075
3499 9894
6867 836
9067 3510
1954 104
665 9037
67 7807
6152 9654
8590 4853
1616 8374
5793 6891
5369 6352
4136 3371
1983 7423
5652 327
3645 9146
1660 2588
9825 8572
7879 3224
2213 6767
6574 7532
6323 2079
4402 2665
7781 8029
9100 7485
9719 244
2227 3165
9114 488
9425 3747
7310 5821
5756 2051
8605 7711
5545 4949
5795 7118
4783 4242
7400 8880
2252 6077
9107 9358
7864 5960
5426 6149
7873 9242
6005 8748
1139 1447
8536 7267
5299 3262
1876 1621
912 9054
6637 8268
400 1284
828 1765
6912 3191
4375 7925
3741 5399
1055 2154
3677 6176
225 193
7911 3909
9467 4917
5608 9514
1823 75
1932 2869
7476 4887
5686 6484
1432 494
6791 7855
1345 6274
7870 7713
500 7291
5269 6711
3282 8486
9895 5258
4845 6713
617 7357
8272 3726
2667 325
8332 9404
590 2710
2564 6340
7750 558
4251 607
2686 3258
5353 7382
6909 3260
7790 9891
702 748
7119 1597
1048 8541
8680 6120
2688 3084
3313 81
2502 4695
5506 9199
5454 9286
3541 3892
1990 3905
9708 2097
6895 9699
9614 5097
7879 8658
9750 3904
215 4406
9655 3686
6125 3983
3239 6773
3372 6614
2887 5973
7943 6626
8657 9204
4991 490
1766 4940
1179 9787
849 7642
436 4744
5288 6581
675 5300
6000 5317
7979 604
4662 8692
446 3726
8368 7216
6177 9534
677 5746
4723 498
596 281
8482 8190
1976 9648
4081 8381
7443 6853
2009 619
4162 6677
6917 9885
9615 5061
4099 8710
3250 5773
6089 5492
5319 2918
2575 4745
2809 3651
9041 4469
5064 8532
3955 1076
7251 9734
6546 7353
619 5390
842 2578
9624 6332
5624 8235
6892 8164
6425 7148
9161 2624
9890 2490
4970 3609
9088 6053
547 1314
2356 6995
8994 4440
6441 9010
1745 1837
6184 8810
1459 5392
6043 6304
7689 2149
3825 7472
4611 331
7006 7350
2197 1258
245 1471
4391 6998
4107 8441
2864 8046
176 6044
2057 3757
9219 5591
7247 2033
9318 1600
8268 3611
3061 2086
8079 3095
5677 3273
54 3119
5407 2815
4018 645
99 2990
2157 4937
275 7787
2692 1633
111 4256
7770 1168
5307 6
7227 6991
5301 9202
4791 4760
5973 2525
1247 5230
8126 8040
2052 508
1518 1
6053 4806
3716 3187
7995 7524
9253 3121
8225 6545
5002 8555
6897 6710
7196 866
744 3712
5742 2422
7078 1478
1965 872
1085 5467
4646 6030
9757 7920
9142 797
7827 3306
7168 1925
6149 2371
7523 9428
8322 9319
9840 7521
288 3739
522 7852
5681 8405
5968 7661
8966 8619
5196 5213
6529 9782
5036 6430
781 8497
2936 8985
1160 1856
573 4655
7357 5704
8151 7075
3026 4062
8019 330
542 1025
5943 9459
4892 3739
6330 8751
9352 9322
1846 3926
4695 1876
6424 9327
2457 4708
6557 9388
4987 5182
8269 8294
4185 8321
1758 2551
2594 9769
8790 1477
1672 7552
7758 4803
3785 2116
8249 6134
5801 4092
9581 4996
8164 1169
3327 8634
7075 3290
8724 3406
2701 4264
3096 5827
2813 4002
6599 4018
1048 4471
8263 4288
9581 9558
3439 6939
1890 8001
3256 9297
6192 8770
3576 193
754 2152
8735 4623
2892 9097
7989 3454
6747 3331
6158 5459
2316 9097
3257 2409
6522 6486
365 850
7199 8035
2980 4916
9649 9910
9223 2694
1516 2888
7898 7153
4122 3694
624 1775
912 5059
493 9853
431 338
8549 1330
1616 7944
3303 8460
7005 9200
8819 2230
5786 7175
4657 6555
3600 5916
7927 4846
5236 584
1967 1252
8816 8301
7008 5368
8289 716
8480 5261
9521 7427
6200 7079
470 2027
9902 5954
5591 8007
9353 876
6895 2672
6949 5851
6202 7403
309 4864
6755 9736
9509 7495
4603 5713
9360 5812
3601 7308
3038 5170
3940 1849
8547 7991
621 5635
9630 551
7249 8561
884 3135
97 7846
4852 8000
836 2764
8562 9604
538 1958
7089 6783
6870 5439
2111 2633
9448 1330
3815 6259
2519 1868
78 8125
4490 2987
5748 27
5136 3108
5148 6371
6435 1538
6072 1815
3186 5724
6988 9814
6610 9741
5295 3439
3657 5018
9572 6815
3595 1492
3079 3731
4543 2656
5334 7381
230 1283
5471 2383
7557 4263
8704 420
4932 6949
857 211
5952 620
4765 7733
591 4077
1059 8728
9416 5023
9424 5399
7993 6019
4733 8036
7127 114
9762 683
5351 8361
9568 8364
5070 1023
7504 3388
5070 4754
946 5206
3120 8930
4695 1943
43 1398
6325 5089
5118 9523
4897 898
2415 6107
122 8097
7038 4760
2465 6492
5244 8427
2061 9783
9628 8630
7937 5216
5013 2990
3844 9738
9116 2280
3918 9113
1753 5961
8677 6156
3071 6881
4849 350
1996 8691
1533 8366
3833 3858
6903 9034
5372 254
7127 9160
7063 5415
2316 7891
991 6639
6663 7539
1245 1297
2691 6747
3476 595
750 1490
7037 8359
4407 8759
6995 1633
8796 5455
2162 5637
2112 4242
4164 48
4710 9032
8918 1927
4028 1551
5066 843
2246 2326
7799 4468
4431 3525
7031 6513
6718 4978
9554 6569
7751 5800
3689 7065
4403 9848
1171 8955
8105 3555
522 911
2837 2776
1166 2693
5882 9766
7197 3493
3205 120
154 2528
809 3965
7074 11
6238 7580
2205 5102
1691 338
2405 2840
5754 607
5038 4708
590 261
1061 6978
9237 4354
8452 9807
1828 2914
3525 4569
7090 1420
7626 4982
3530 6413
1577 6571
3183 1030
7856 8910
2392 7018
4693 4711
9664 3748
4466 9020
1250 5105
957 3578
9901 8513
686 5780
4133 8985
6446 7968
2537 4029
1238 3493
1508 8453
2421 1438
5483 699
4003 9646
6498 8153
7362 1885
8912 2377
9341 5865
1617 9902
5036 3183
8567 8915
6377 5366
8976 8500
7027 3491
6784 4046
1565 3061
997 5086
6344 22
9578 1417
42 4447
5998 1960
573 826
2914 3578
1798 742
2649 4695
97 6323
1508 692
7136 9377
1517 8954
2170 3122
7806 1681
548 7407
3127 2604
6654 5162
452 9723
974 9654
9735 8790
8601 8754
8559 6164
5113 1711
5344 2173
8807 9602
5982 2033
2589 3874
2691 5550
681 5310
1169 7897
5825 4657
8137 3046
310 3503
6889 685
9263 1050
4965 5338
3274 1133
3099 7875
142 7566
800 1119
7658 603
8747 9870
3651 1564
9455 2523
1361 9104
296 460
6494 7640
795 3929
6813 2179
8153 5053
2899 2318
5287 642
2060 6797
2315 9418
877 7495
2144 7090
8499 9904
7579 6875
889 3971
6676 3778
1257 2986
2941 522
2170 5576
960 8524
2015 6292
4289 19
9253 2668
3210 641
1433 3345
2129 3893
7623 1427
5615 4716
8927 1215
2467 3086
1320 277
7037 1143
7646 2866
1714 5033
7835 4741
7508 7914
8503 694
2191 166
3858 9655
7691 4418
532 6415
8991 2544
8297 621
5522 2084
5848 9763
4593 537
8410 4219
5226 7395
8935 6752
3455 3648
7886 6139
9257 7949
4386 3952
5892 2518
7284 7939
1112 5899
4881 6037
2873 4692
4681 8233
9231 1568
3665 4643
4035 897
544 4656
5009 7926
8468 3822
9710 9309
1300 5470
987 2466
7439 4613
788 328
7008 2252
1753 4654
6194 3413
4628 9101
2986 4683
1682 3506
4774 5435
3056 9470
819 7705
7483 3555
8128 4428
1252 8470
8264 5469
3485 7617
338 7093
6237 2522
5705 7112
6384 2637
4360 2498
1366 5091
7272 3767
6610 5375
9004 755
266 8784
7606 2326
1888 888
5371 5167
642 2911
8927 7867
5730 905
6343 6009
3650 4512
2056 5613
7044 7506
733 6280
6799 1018
6560 7527
3181 1235
4265 6458
652 8172
818 3769
4132 7635
6416 9537
2881 4803
9753 6314
4162 1444
4353 2623
1881 2662
1158 9155
2168 8747
8186 4465
539 2090
1252 6495
4272 1342
7572 7955
6820 132
9633 8595
1790 5872
9382 915
7104 5884
4372 6626
5029 86
9805 4395
6850 9267
98 2559
6854 2336
7565 7345
2423 4518
7351 6017
2100 7487
4645 9607
7235 2383
1642 9746
4662 8803
3090 7256
4152 1766
7085 3858
8045 6619
5437 262
7134 1943
2992 6063
3863 8
7879 9885
1776 7832
4202 9041
233 366
6777 1851
1194 8835
5794 6203
169 9806
8865 461
2551 9431
1409 4850
5533 784
4395 8502
5305 5603
8210 2847
2858 8127
4276 6173
2877 1549
874 2980
6312 8007
1648 6278
5088 7276
6943 4944
96 516
7340 6470
9144 5442
3108 8819
3380 760
1446 4007
6712 6029
4167 3075
4078 4639
3299 9689
8767 8851
2409 5087
2837 5535
6877 9695
422 5755
7009 3396
2124 6554
8281 2238
8450 1965
2998 1384
8967 9877
5556 9484
1950 7371
4619 8437
5662 7011
3913 6194
1910 3483
4980 6936
1831 5153
2320 6100
5092 8048
4809 1531
7365 4599
9564 4995
4742 3410
9568 6589
8381 8899
2603 5029
9581 556
7284 9644
1149 8433
4400 3706
1939 92
7955 4434
1476 9725
6071 4882
3843 8161
1394 1142
6906 6610
2186 8932
7573 8145
4363 3702
2764 4808
9371 7402
9800 811
4018 8138
1638 837
868 4816
7665 1642
3577 5213
5118 3788
3278 9587
1318 642
6005 2104
8931 6146
3830 460
3796 6217
4896 2828
1380 5882
1648 1381
6217 8804
5222 2992
8173 3253
6594 3411
1642 5817
2945 8907
1881 9017
2837 4041
9071 2306
8352 2690
4997 3945
3394 8801
6805 2399
5567 8998
4117 8315
4359 5405
9369 1715
7301 702
5724 6257
2893 6223
9563 2011
6156 6407
1074 7692
8350 4999
2704 8051
1346 1240
593 4274
1076 8939
6002 6935
795 3196
3891 4693
3776 3208
5272 5997
8931 981
3199 3540
1016 5728
819 9547
4586 833
8586 8576
2129 3130
728 8259
3370 3733
3633 5061
8971 7847
3502 2946
5881 1238
5258 844
8918 1624
4279 8949
3611 6030
8620 831
1674 3647
1186 6790
1327 7185
7079 9540
1196 296
3630 9626
5148 1258
3811 9892
8381 4413
6781 8463
4467 8179
2260 6490
7061 1623
6932 6042
1071 9672
3703 9684
6345 6361
7151 4238
776 842
8012 7840
8702 5352
2689 3097
507 1527
1779 1314
8613 6690
8104 8559
7539 3592
990 5843
2803 5854
7905 3943
6896 8665
5818 3750
6268 6198
6423 2266
5105 7266
780 5356
8779 8259
4692 1830
1452 1722
4873 7434
1862 3190
3637 4626
9547 309
3294 5131
4420 320
3642 5016
6399 1474
9480 9131
8963 3907
9638 6218
7907 1170
6652 8616
4077 1926
3520 5281
4410 7204
9467 8154
3820 8159
4676 5117
4176 8379
1313 740
2028 6140
1835 828
2075 7892
3151 2651
8018 2759
3889 4884
9515 5844
4576 1327
893 7277
5281 4572
520 7243
3083 8321
3365 885
3005 4860
1057 714
5233 6048
389 5405
2435 7461
9097 5897
7366 1096
1183 5642
3646 9387
4263 4854
243 5195
4870 3463
3072 4080
2811 2298
2096 4407
1150 228
4827 5380
2685 190
4883 5079
257 4248
5459 5799
3632 9249
6769 9146
3913 2245
5937 8403
1434 1333
5419 1815
4497 30
6446 3568
5743 218
8915 6668
3415 839
2906 1954
6722 8375
1637 6893
2460 6428
9148 6884
4199 745
8739 4225
8627 8179
4399 7494
8285 4658
83 3426
1214 8387
1521 1591
1255 7569
978 2455
5056 6149
860 9305
5504 3388
117 5801
7757 4322
4120 8466
1092 243
2031 3584
9011 8085
5389 5606
8737 5018
7863 4969
8391 7132
313 4482
1336 8173
8620 5765
4228 1156
4986 3325
3712 2203
3956 673
9105 6527
7135 6699
733 4201
9517 2095
6317 5654
6065 9637
2701 4149
479 8366
4185 5693
4911 6351
4912 5627
4077 1146
2759 4868
8720 4152
9503 2622
1986 7083
765 3987
2214 7798
7786 9285
3214 8446
6090 167
1167 352
7174 3523
3696 5012
1965 9843
1884 1667
1195 9558
3227 3569
9576 2995
4061 6604
5502 9047
3613 1347
8034 7566
9284 5455
3494 1067
530 237
6402 7979
5385 6707
4481 9475
9442 5840
5600 793
8110 1855
6463 5137
3824 872
4495 4973
9091 6047
7044 9002
4301 4336
9377 3592
6132 5014
9865 7543
9827 8496
6175 5998
1147 5795
5827 6730
878 4752
3984 1181
7679 8586
4902 3417
3153 1012
9417 3995
4220 9670
2246 2537
1051 171
2894 1973
3719 2375
6547 2260
7003 9875
86 8971
3754 1972
7160 2777
123 6233
1765 9927
7767 8773
521 2002
2941 2967
5094 9386
7831 4798
566 5774
4064 3671
9293 8399
6735 3775
9726 5422
3853 4787
4936 1750
3475 9437
7811 3069
4201 6390
7258 6467
7996 4057
2752 7513
8055 2744
2160 3278
6010 6891
2583 1598
734 9584
5484 2968
6178 4723
5952 3319
3654 7249
4132 4427
4878 5325
4481 6303
7560 5601
7637 7304
2479 52
6897 2239
8800 1205
5028 2197
265 4568
1995 5762
8734 5562
9774 1112
6692 4003
4618 39
2553 7748
2812 8199
799 99
9105 5450
7392 1531
8772 3618
5099 2854
8798 789
5702 4314
2811 1174
9109 5688
6010 4644
19 2240
8802 8096
9193 6915
1489 1937
5110 9407
4204 5154
7181 847
1305 8132
7408 3365
817 9694
6932 5225
6737 7442
2905 1341
32 6936
8496 685
2399 7217
6196 5014
9639 361
2295 4579
5735 9078
2822 2877
2959 2951
2317 8176
2569 9582
539 6888
4062 7452
569 4268
4286 5138
6165 9160
6835 7649
8992 8501
4868 6200
7032 9448
4642 382
9773 2252
6192 7526
29 1082
3009 5282
6125 3125
3762 6094
8930 3190
3751 104
5769 2702
9082 3698
9165 9604
9074 3340
885 3453
8301 5654
8778 9849
4022 9836
6750 6949
9728 5220
9396 2452
7373 1718
5840 4177
5776 5956
7568 372
1360 3041
8887 6191
2512 6578
4958 375
6907 4438
650 6375
8988 2240
364 3943
2641 1753
4654 1353
9273 2142
54 3476
5143 5968
7311 6000
115 8798
7010 3486
2355 5931
8809 686
9059 7772
3598 2679
2681 7097
4511 7983
6451 5467
9731 9346
2392 431
1749 7539
7314 7484
3543 4259
2939 6752
2099 6079
6111 1195
6705 939
4324 2893
3149 5715
4802 105
5305 4585
5355 968
7820 5351
6959 3429
8375 6375
8110 9224
4169 5859
9665 1907
4971 409
1953 2533
9172 3213
794 8499
2671 9554
1938 4022
8514 565
7453 7102
4352 9030
3395 8774
6389 4173
7338 6301
3877 2920
8063 1164
2413 8193
9110 7137
9285 6074
1167 5598
4297 7070
7829 7429
8327 5123
6557 319
6219 9681
2093 198
3226 6136
4888 9117
796 2629
3060 5127
6965 4143
4581 480
4132 7031
9857 8403
4237 4290
7240 9329
2534 2926
9471 5422
2992 3821
8777 1008
5772 5574
2548 3809
6737 5158
8769 9254
8750 158
6263 3038
8762 4936
369 691
6453 9151
574 1218
7243 6202
2205 9823
8146 3250
3848 8251
1860 6729
4388 4051
1782 1365
4168 8788
356 4520
3610 4799
8704 4516
7482 51
2016 2147
2916 538
6807 1764
8882 1428
1276 4432
8077 8172
5883 8457
3881 6213
445 9376
4306 2593
5445 5059
7367 6695
7818 2110
6743 8621
9452 4346
6971 9228
6086 3961
3980 8211
4418 8527
7570 6736
2058 329
8471 9043
9636 7438
5856 508
1817 6382
6516 7926
294 6306
5816 9195
5047 3483
6368 5191
754 6896
3108 2969
5398 782
3106 6047
2978 3856
5554 8465
8508 4977
5664 4578
9815 407
8719 4815
5738 7325
3859 8332
7168 9221
8502 7405
1435 9067
9506 9310
4274 1361
3498 2732
2179 4709
1966 4506
1847 563
1341 4998
3324 7850
4462 1265
4822 2963
59 1063
3555 5488
6842 2460
383 2900
9112 288
3787 9356
1317 4242
1477 9682
4431 2958
9107 5775
6713 942
8087 9126
6636 8684
1834 7294
30 4023
6199 3969
1187 1928
4239 3865
6148 2170
9540 8285
1017 10
5568 4886
6483 2734
5018 728
7470 1133
8143 7329
6185 8161
7764 7405
2868 7213
5685 7469
8869 7285
9495 8082
1339 1036
4175 7551
3724 1609
2211 1696
3134 9717
2493 2785
3716 5415
5757 4171
2514 9195
8329 3310
7115 9322
7789 641
8499 4485
6644 5073
3504 5995
5455 2402
4251 2960
7923 3624
7065 1639
6182 2103
5814 9125
8833 899
4876 647
2870 780
3850 3822
8281 8997
1790 5941
7343 1755
4073 1949
4264 679
1625 8151
42 4749
1450 3429
1594 4848
6595 3463
7959 1640
9477 7738
608 8952
1104 5518
7090 7559
30 6232
1782 4587
8796 8746
7018 6714
7914 662
6203 9027
3752 9504
9497 3106
2790 1811
1111 828
3998 5558
6303 2465
9251 3836
3908 4840
1879 1195
5552 5752
6102 7494
7223 1305
4942 1002
2307 5793
138 5234
5767 851
1443 3220
448 3790
13 9851
5173 3236
9177 467
980 526
3133 3176
8995 8804
9912 7873
3787 6003
230 458
5338 6185
3070 2726
7121 1434
7388 4674
6501 8216
8516 9170
9923 6538
2071 2306
2881 5459
1307 8672
2004 8948
4542 3077
1532 6107
7853 959
9817 7948
5134 9823
404 312
8521 7782
695 4061
7520 8471
382 7462
4409 1725
4856 9497
8048 7972
2773 4081
3957 7397
5015 329
8885 8378
1339 1206
3135 8103
3498 4142
369 3091
352 3334
1752 3527
898 2924
1739 5326
670 4346
9521 1656
7231 6561
4273 5427
1317 5509
7331 2056
3756 6248
6922 6521
7614 9704
9412 1706
5847 3519
9895 4594
6447 5728
5199 8615
2416 4101
8001 5946
3651 8145
7273 6896
5946 7025
2810 6148
8857 9004
5759 70
9395 6666
1409 3701
759 3606
7713 7238
3834 4868
4850 3889
8755 4911
3720 7793
6544 4179
5 3679
8777 7962
2442 5012
9724 2626
4150 6167
1942 3212
7881 123
3859 7265
6595 3587
3026 3743
2893 9727
2292 5049
1459 5252
6146 456
538 2458
1827 4795
7521 6714
9573 7164
3525 6033
1823 7587
4759 7077
101 5993
83 6826
5200 8343
1156 4329
7691 8220
6935 9629
4700 4690
1076 9767
2280 6369
3545 3671
4925 2046
5582 3479
3103 5639
1975 5379
7907 5661
2651 1474
3940 1434
326 3797
3318 1448
1931 3298
6058 5069
4557 6639
5240 6631
5654 4765
4588 4858
9085 9441
338 1389
9412 1714
5426 9158
9637 9502
7316 1188
2807 3750
5543 8545
7967 3647
5391 1220
2966 849
5359 906
1689 7800
5266 2267
7086 9590
6917 6042
1006 3934
2280 7069
2596 5340
8391 7160
5250 1840
4325 4773
6772 3083
789 6842
1887 3745
6099 5148
2200 5317
8048 1903
8425 5729
2604 7968
5506 4547
1713 4231
6075 7243
6934 3866
4725 6025
8158 1580
7493 3959
2080 194
1691 8968
2467 8853
664 2023
3859 9391
3231 5002
7238 9697
4689 6439
9432 5427
8239 6295
8026 7196
1879 6466
2876 9821
3259 6483
3690 1624
86 1259
144 6615
5629 329
5572 591
4220 2576
8838 1834
3097 4128
7628 4712
2601 7060
2512 9089
6743 1065
4605 4900
8087 6334
7974 1559
5787 2081
7233 1814
521 7567
9212 3836
2549 4292
293 172
7350 8888
9518 111
9328 362
3532 573
2721 2176
9526 9790
2210 9853
3921 9109
3219 4081
883 321
535 9179
7619 4792
9617 9409
529 6848
1523 3792
6036 7896
8664 2816
315 5113
497 4014
1071 3100
5079 4169
7853 2825
5906 8719
2507 9810
2290 367
2252 3476
7600 9858
606 4314
2698 8104
9103 6356
1239 8430
2524 2979
453 6088
6729 7845
1506 6826
7068 3840
5253 276
1909 7912
6991 5131
7795 7835
3834 5996
9506 3331
5780 3598
5412 1105
2369 332
3197 9199
502 555
1721 1843
3252 4835
8727 3007
5652 4365
2677 4068
706 1472
8431 8440
1542 4274
1394 2783
5968 5983
3094 1376
219 3977
9263 5852
6356 689
5547 4005
4277 2605
8178 3397
2098 1123
9443 7501
9493 5685
8656 7626
4786 5480
2849 1536
106 2514
9284 2308
2548 5805
2305 8815
9099 395
7403 7220
6474 8106
1833 9879
5221 7520
6554 1334
9343 6473
7827 4133
2515 9781
1376 3996
6459 8871
5111 6625
5185 9730
5828 4428
4298 8838
2932 3001
4867 8706
9146 9319
5445 9485
965 6564
1187 9006
7022 592
1320 6083
2054 9775
4272 5127
9622 6088
3126 9001
9722 2565
3964 9101
9862 9467
225 2412
6358 2802
5940 255
6121 6542
2060 5655
1789 6988
6909 4773
7644 8093
1074 8555
4015 1436
632 9873
3326 3925
7653 438
6473 3316
9714 2346
2156 3830
7769 7909
5303 6240
5985 8158
7967 2254
6115 988
3310 2494
1259 6871
2730 4717
3771 3492
2219 8291
1127 2460
4359 6444
4241 2378
5415 6010
7032 1817
1459 5698
3745 6358
567 1696
3700 2038
309 9168
9820 737
6020 7178
4343 90
4801 2993
9789 3771
616 7481
152 9896
4973 2604
1737 3208
2480 7038
3940 8344
3954 8936
1644 3125
848 4801
397 3856
6974 1492
9564 5987
3195 7225
3692 3596
6254 7890
4940 567
6976 8279
6667 7792
7473 1088
3929 1133
2234 5121
3309 1874
40 8001
5464 4327
7923 9650
9271 8338
9467 9107
4932 4429
2553 1426
3994 2831
3484 7168
3859 2197
5296 8984
5824 7759
703 7611
3129 5444
4577 483
8441 9786
406 8395
8689 6513
5225 4907
5456 969
2529 5513
1617 806
8597 6616
208 4599
248 5890
7547 3345
2665 4169
1985 3570
3872 342
5469 7222
3137 3743
4767 8097
3912 7930
1729 8126
2103 597
7974 4052
4372 3754
3772 8222
7473 332
4173 9208
9221 1196
6585 7764
4144 1268
5574 8655
3526 3626
4793 5745
2773 9916
5607 5903
5289 9832
578 3565
2964 834
160 781
3274 3372
5570 2367
4623 7755
6329 835
8375 3574
5909 8734
3379 388
3165 4008
1055 9921
705 725
8052 3668
8312 733
8455 8812
6204 4660
6785 988
8408 2059
256 9195
2781 2626
9415 1471
9334 4234
5628 5366
1806 520
8028 8044
6289 4313
4975 9464
7888 4194
6537 7949
4080 5585
3076 5170
457 6074
1291 9339
3608 5723
6807 6342
5158 7156
496 5468
9057 7659
6107 4732
4527 7953
7554 1666
6675 1285
5742 5056
9072 1711
6561 9534
1048 8239
7369 6741
7635 6449
4831 459
2578 1349
6777 9664
4709 7779
9019 4328
9433 5604
4809 941
7655 123
2634 999
4574 6271
6538 5752
6705 7267
116 6436
9759 2198
2866 1250
6419 2489
9423 514
6136 8725
2092 4488
2159 8651
8603 4998
2554 3905
6604 5622
6176 6841
8944 9093
2844 5722
2537 4329
8447 2595
7951 3052
1289 9857
8891 717
3711 5482
1082 1405
3911 4294
2706 3751
5567 9220
8593 9058
3385 4738
8771 4000
4583 494
5211 1525
5571 1796
4289 2067
3917 5196
2251 6365
9868 6681
4750 3344
2534 9625
759 2485
6086 8711
4650 1316
7934 5497
8732 1950
1949 3558
7724 8088
7452 3618
4197 3064
1250 76
766 5665
6791 2044
9890 9066
3481 8682
2321 3759
3151 169
7073 9587
2742 2755
6149 4415
5 9427
4297 7316
4661 3610
6195 3912
9808 5075
8631 9317
9714 4068
3036 1149
3397 6908
2902 2935
8089 4183
3205 8232
3744 5011
3319 5078
4670 8196
233 6338
8585 782
7054 2109
7232 4639
7382 9743
1932 3598
1299 8314
1983 2823
5254 4812
3481 3402
9272 2574
3581 7736
1393 1810
1407 2243
5984 5715
5667 9633
5861 4341
7515 6011
5612 5155
1480 6862
8377 6936
5479 4668
7590 7197
3537 3800
8440 9429
2586 9090
812 4948
5612 5759
4936 6725
8173 3225
5147 7966
4248 4045
3481 9369
4416 5422
9026 4597
8225 4490
682 5186
3937 5089
9613 151
6117 3243
6909 3035
4580 8313
5989 5623
8772 9823
9826 4409
8702 6876
9546 5266
3137 4362
3311 1693
9009 1749
8193 383
7342 2668
798 8336
3519 846
2919 9880
7170 5695
423 658
8499 7773
1495 6420
6768 2360
48 4883
3842 5489
9900 6933
2115 6624
7174 6962
9326 3058
7108 3546
5053 8128
2789 3083
9558 3352
465 558
3371 8572
7559 9868
2907 6296
5126 8921
175 8738
3137 4066
7248 7202
4254 6298
6117 9879
9799 4961
447 2638
5710 2853
5322 5718
1227 4826
1676 1606
8934 7702
3360 1175
6471 4682
1079 4352
5774 1050
1751 9895
2526 3575
8796 4281
3567 2786
3912 1649
5927 4256
7580 4585
3069 3201
4717 4335
953 4879
8056 5012
501 5690
3767 190
2214 3567
9592 8724
1280 2009
2428 7708
2997 9298
5954 4539
934 5580
3212 6646
1766 9062
3986 5947
6786 1782
905 2473
5510 9165
8540 2591
4611 1724
3957 5376
82 8964
5343 506
7448 2454
2333 3686
5947 8435
4450 5783
3084 8355
6467 8671
3998 726
4340 3117
7912 9289
9494 2890
7228 8310
9354 8960
8027 2532
3351 5871
5156 7594
6019 1800
9705 7537
4633 2534
723 2638
3346 2281
5992 5252
1864 1703
8262 5400
1255 9816
6039 2112
8061 5547
7059 4830
7617 4710
6548 4042
4871 9364
159 1140
9903 9098
3738 3727
9427 911
8888 2645
9145 3228
6892 3072
8465 5799
4545 3309
8125 2912
8777 6437
6518 8943
2660 1218
7745 8397
4708 5151
4351 2896
3054 5996
3755 7743
3115 7385
4668 6437
7068 5984
6600 1855
2112 7024
6354 7796
9353 5399
2191 8955
3049 3814
8553 8280
2307 4719
952 8633
4629 7936
384 7139
1627 4777
8480 7669
8397 9058
4676 8184
3071 3443
7062 8171
7640 6585
5502 9358
5538 8899
3128 855
7485 3700
4430 5282
7738 7602
2129 9064
6157 9061
5188 9159
9775 2722
2115 7997
7148 3421
8277 9614
2743 3273
5299 9373
6105 6606
739 6298
4575 1014
489 3092
3659 7530
3970 5757
2729 8745
3971 1525
2139 9810
7873 8594
3047 9290
6267 3661
5782 8241
2945 6535
401 9417
6748 6873
5233 6
5989 3783
8045 5075
1420 3122
7906 5878
4990 6978
3707 7769
4224 8072
7764 457
5384 5840
5439 6243
1303 7078
1550 8519
477 9710
9115 3955
2806 5981
7634 6012
6074 3958
7604 5241
8077 8367
3342 8212
8397 2648
2095 3300
1030 5072
5954 2956
6560 7870
1741 7642
3981 3399
9339 1515
1162 6037
8496 8415
3620 7075
3006 4651
1624 3614
116 3420
958 6620
2309 2450
7273 5901
3763 649
3411 6742
3386 9133
3033 5445
7632 3210
6524 2000
7803 4039
7663 4676
414 1567
5876 1071
1226 5693
600 4416
8510 3309
7668 2360
901 8430
2910 2352
3645 3330
6825 2542
4280 3602
6489 6907
21 6259
9209 2607
6894 4719
3260 6638
8376 5635
7966 8796
7639 9363
148 4915
472 2513
4618 4568
3916 7737
7112 5446
8690 1282
9527 7163
1310 6903
8383 8426
6363 8199
2005 5827
5238 1152
3384 129
2187 4742
5872 9565
1547 3941
8081 3616
8783 2526
7354 913
4738 3364
9804 5048
350 7259
6201 7494
4833 4397
4499 6305
5925 8265
6458 6137
4121 8007
3270 540
2375 8754
2980 9089
5966 7854
7665 4029
8395 7385
3018 669
7930 5190
792 6687
6886 5480
9580 8577
9299 9297
2430 3084
4474 9100
8343 5233
7185 3365
5658 3734
8231 2182
9415 6321
8176 2434
3320 7673
3889 6094
4179 7475
5961 2600
9552 6730
6370 4582
6039 1839
6661 3103
4514 5827
9519 2855
3702 5674
1009 5997
4954 8772
8782 800
2946 6949
6838 3781
4252 4311
3755 2750
2209 4937
617 6824
4701 8317
2830 5797
2063 9627
7198 4621
2696 730
7939 9843
3076 6899
6717 7603
5116 3721
9028 5299
5696 2553
4829 3519
4515 3238
1556 5150
7141 6985
558 6084
4418 5128
4398 2570
7413 6602
5069 3852
3396 9235
7217 919
2230 2974
7714 5866
5768 604
6517 3603
6637 2334
7253 7382
9803 6365
6586 1959
3150 6946
6630 5016
2259 4173
6962 5506
2055 4910
1957 9141
2165 7375
7874 8895
9429 2811
7680 9852
5634 10
9119 5530
9067 2334
8861 1937
1107 4097
2648 5532
1632 6170
29 9631
2720 2264
3291 4051
2123 1395
3534 2312
712 7125
8269 8387
1977 1960
4481 3299
489 8266
760 6652
8546 8964
2084 7810
1103 4080
1573 6481
3513 2338
9913 7784
6806 4182
8984 3526
5344 1030
9557 7443
3273 8717
7512 9753
5167 7126
5742 6935
1743 6221
3926 8960
8437 1456
9885 5546
8412 3441
4004 7500
8983 3499
460 1678
4812 7142
7751 4921
1954 4880
2141 4692
2608 8933
879 7687
4658 2573
3245 8322
6209 9746
9355 5740
8981 2523
7532 6196
6088 4284
9127 3384
5708 5242
4794 1177
6937 3216
378 132
2179 6942
8790 1074
554 5246
9079 2657
9173 2931
1011 280
6941 4853
7461 3130
7193 9748
9306 7633
2186 9900
8453 6715
2611 4156
4589 5952
7943 8275
8496 7982
1847 5337
4064 98
3251 9209
3565 6690
2047 29
5698 1536
3356 6966
1153 3672
2825 9549
441 7045
4960 2458
9512 1759
8455 6555
2306 9451
9438 6770
2926 6439
6642 6525
8337 7402
5155 764
5870 8921
3622 5867
5520 3655
3166 5357
2363 1533
5252 829
2913 2411
5178 9897
2609 6630
4041 5620
9908 376
1948 2477
8934 6394
2763 4608
5589 8547
3822 6212
4780 7917
3857 406
5174 2264
8635 5040
3921 8909
1528 8994
7860 1450
368 3918
238 396
9498 6849
6137 1501
578 499
7309 483
4498 106
2917 6401
1793 7765
4439 8024
8237 713
3600 1300
8639 2246
6200 7285
4695 7903
1914 7041
2333 4571
5188 6132
277 5509
4535 4134
5381 7307
6336 4101
6576 1666
350 6844
1264 2739
6841 8255
5668 5420
7401 7687
345 9250
9898 1650
7959 9879
7763 2869
5169 4706
6338 5926
7404 1757
7600 3291
9032 6339
7851 1785
4229 3739
6818 879
100 3023
2371 5104
5171 1315
6691 7289
5644 7558
3828 5079
3179 9186
5100 9792
6136 7506
4805 3647
3314 979
906 2598
4334 4271
3562 922
5816 5295
5690 8342
3825 8822
4605 9758
7009 2966
3319 7085
1993 5164
3388 1346
1576 516
7794 1933
9099 3363
5644 3758
176 6686
1086 5916
4845 5434
5048 3201
4700 8807
4094 8529
7294 2778
4123 8686
352 996
9852 1557
4120 20
6332 8406
3869 2249
4926 7331
2575 625
672 9924
4240 8448
8295 3249
2610 8709
3646 6880
5055 5631
3756 1544
2015 721
495 4580
7650 1996
137 2146
8288 3392
4324 4999
5000 5309
5887 36
1713 550
2580 3128
331 6012
7857 1670
1278 4266
5748 9206
1376 1122
9719 8507
1904 939
1767 4159
6876 2598
2015 5259
3135 1475
3308 3005
6765 5611
7484 9908
3188 6657
8561 598
7949 8036
8725 9873
46 5028
6171 6506
6045 956
6892 132
9686 4584
5350 2349
926 2973
3195 1868
9386 9566
3313 6096
6144 6051
7928 6936
4460 8989
666 5056
5642 5181
6944 631
2352 6023
1938 4081
1790 6504
270 4118
1676 6802
3090 8158
4207 3305
7049 5582
579 3950
6629 9574
6008 791
3852 4951
6800 6807
8611 8292
2031 1923
2384 9448
3855 119
272 2561
871 4773
3215 4448
1196 9853
3993 683
6368 6481
9144 4393
7675 3434
6692 4115
2431 4967
8704 1527
221 577
3079 6723
5195 3216
8460 565
6221 6482
5924 3252
1899 2270
2405 4409
6936 4554
8193 2185
3578 6075
3505 8700
6253 171
7817 3951
4594 5356
1204 3489
6386 4884
494 2316
6185 2762
9143 6197
67 6945
6062 9107
1555 9380
9789 5062
6414 4044
4652 8877
4046 8844
5816 6998
2656 4229
8290 2381
8014 6031
7454 4986
8544 7003
9143 9617
2952 9371
339 4898
7679 9179
6996 1717
4400 5020
7302 3180
8171 4202
3983 4645
4356 1242
1308 329
5921 5393
4705 8293
5099 6936
8488 1303
2319 6405
2759 8367
9510 2793
485 7407
8901 8375
3033 4957
3301 4883
7056 2524
1948 8747
446 7333
7956 2065
5563 4159
571 6818
4021 3425
9773 6036
4809 2027
4623 6405
202 1882
4850 8908
1538 2658
1659 9589
8203 9540
2192 551
3197 739
2194 9586
7729 322
5537 399
7102 1627
6909 2371
9345 9387
4417 8772
9733 2117
555 6820
7898 9906
1757 3787
5949 6707
3442 2990
473 5102
2585 8505
7041 2482
13 3685
7866 6198
7795 4360
3124 9117
5306 4188
3603 3345
1039 8489
7066 3960
7743 4735
8714 8322
3202 2729
5492 995
7455 8037
4208 899
6038 9298
6799 682
1229 3214
4468 4133
5186 4323
1769 8540
1200 943
3180 5630
7103 3887
8231 2512
9907 1317
3282 5633
5968 9120
7453 4967
4246 634
6535 9028
832 5168
3416 509
6291 5092
3002 9314
2046 4248
2250 1351
6551 3874
6299 4634
5530 2133
1422 969
8625 9437
6140 3176
6501 9144
5431 1477
1555 3477
4637 3559
953 8615
7216 9921
304 3768
85 2796
3935 320
6328 8627
327 4383
4317 3340
9245 7133
6854 2396
6898 9055
6057 3168
7829 9890
7623 2559
9647 6806
6031 216
9493 7516
3494 9468
892 593
5088 3842
2337 8153
3142 9847
3639 7791
9210 7038
5625 2745
2155 2097
71 478
3417 4352
3011 4169
1691 1655
1691 8395
2296 7246
817 8435
3503 7990
8063 2773
7683 7466
4306 8877
9107 6895
5321 3444
3001 8080
5987 8414
5586 3383
4400 987
5262 314
7619 82
2798 7703
9284 2599
3899 2143
8904 5076
6387 3654
4862 6242
8901 9617
8188 9100
8735 1006
2345 196
4929 2933
6933 9373
4715 2424
7489 9810
6835 621
1273 7632
4845 6849
910 1563
5760 3401
5288 1436
9520 6095
475 6826
7581 6912
2843 7360
8892 6485
5557 7160
1584 307
1632 9657
4950 1227
8329 1064
9407 9024
6962 9620
8172 675
716 1266
9839 8941
826 2498
8324 3286
3143 3846
6139 2903
5452 8045
5304 6340
4693 2316
7986 8355
9460 7197
2589 2522
4094 5944
3180 3112
762 1126
748 3540
4881 698
1083 1746
7288 9268
8519 8948
6123 8412
1925 8213
8829 1166
1028 7901
7485 4869
825 414
84 546
1295 9575
9087 8666
6053 8617
224 3762
8050 5472
9267 7860
6684 2501
4085 9728
2469 3724
6206 8935
9635 456
2504 47
4908 786
2339 6829
3399 6396
4095 212
7098 7010
8803 4688
7353 7785
751 6764
7442 7542
2966 7539
9046 9666
3445 1189
4951 4608
7452 9605
4811 5863
1396 3047
970 983
9902 2249
2996 2362
2579 5844
6376 7243
8437 295
925 8134
8421 4508
6424 8865
9211 3929
6399 9488
2583 7877
6798 791
8937 2900
4176 5282
8390 1158
7669 1518
3730 8094
2432 2765
3551 5725
1061 3052
5128 54
8006 3494
4173 8960
7877 4539
2380 1158
5833 1171
6243 1931
3532 902
9303 9543
9127 8162
9036 7672
2629 7165
801 38
7980 4325
9129 6608
8879 525
6471 5091
8572 2272
9820 7128
20 9381
3779 7686
4750 3294
1763 7691
8735 7453
9598 8082
7585 8453
506 8905
9035 5580
7874 4832
3651 7174
9347 6453
4771 7071
1672 2882
113 1631
955 5443
9144 1237
7410 3749
2866 5751
2706 2032
22 9854
6277 2384
7048 7204
57 892
6524 1293
9029 356
6240 6508
8959 3725
4771 523
7140 9909
2715 9004
2033 9781
8817 5349
7335 1834
1444 7485
848 8092
6678 1056
1566 2152
6370 2824
5014 9781
5992 1734
9178 1919
6228 4425
6927 3680
2028 5850
9913 9626
8976 9450
9764 6542
1447 4191
9247 9556
1916 6112
768 9151
8080 1996
2573 8620
4141 9718
3987 7131
5505 4559
7192 5750
678 996
5848 1391
5799 5761
5734 9452
4178 4427
9055 5931
8417 2683
7365 968
7931 5295
8775 4175
5961 5516
9037 3310
8651 8483
6212 8679
141 9217
1693 5480
7579 2768
7756 88
2026 5407
7576 2913
3002 3457
8156 8961
5766 7195
9241 1019
7846 531
9186 1316
3476 8982
7767 2242
7121 205
7343 6758
1434 5449
4975 3444
3303 3434
8101 7896
2188 456
4 8966
5209 3090
2828 7612
2319 9092
1912 2259
7680 2488
6414 1875
3765 9580
8237 6981
2352 134
1818 7831
6018 8449
926 1831
2674 2935
3857 7886
4090 8364
6273 91
7549 6885
9356 5458
323 6083
2562 9613
1271 4155
7287 19
3266 2071
9636 295
458 7438
679 5103
1707 6005
2144 801
6586 3378
8415 2036
4022 2584
9801 7107
943 3707
8833 6899
4631 7199
3460 9573
7151 792
5126 1434
9850 3876
8565 9111
666 9456
4694 2090
1682 3579
7636 1082
6727 7279
4814 8205
529 6365
358 5672
8017 476
9700 5353
9624 9928
4790 7437
5245 5541
5762 800
2894 4129
8239 2163
2693 6438
2855 7650
2306 3014
810 6657
5680 5868
6175 8895
5495 6584
9583 8291
9234 734
756 26
658 2897
8813 476
4128 9244
2378 7413
1133 9929
4091 6375
82 8564
5043 2735
7291 4930
4846 9555
5043 107
4935 8007
9009 1895
9015 3764
7616 1550
7767 8943
3088 4049
6881 5866
1350 8348
1056 3052
3316 5755
9829 3046
2670 2541
7534 9254
7968 2230
1955 2955
6591 3153
5410 2220
9184 3489
1493 8097
6037 2608
570 8758
6168 9476
3590 785
3902 7601
518 6916
6873 5439
4844 3085
1429 1296
4269 9434
6079 9135
9066 9287
3956 2093
1357 7794
8019 4381
4088 7682
4601 7415
1183 8314
7550 9519
9829 7986
2005 6718
7132 9633
5418 7631
7536 2472
875 869
8036 8561
1717 7870
5495 4919
3652 1565
627 7564
3752 5895
1539 3845
4631 5428
8302 3882
5284 8941
3182 8150
832 393
2795 4830
6020 6185
7245 5878
919 146
7367 4725
6345 9656
9671 6842
4007 7367
1490 8420
205 8194
1922 3128
7584 1165
2861 1162
7859 1716
3704 3462
7458 8154
7412 2789
5014 7556
2544 3023
1067 1308
9632 5615
5465 641
7178 196
842 4666
976 883
2181 3762
5908 5400
9006 6325
8024 6751
3440 7027
2397 5705
3436 4435
697 5583
8241 6996
1524 7422
6142 3223
5093 5249
8322 6046
2262 1498
9485 766
2932 9699
2457 8118
4360 8802
1342 826
8862 7016
1184 4214
9919 978
9237 2290
8961 7015
2306 8053
8239 9712
7869 2069
8258 8880
5891 6461
3109 2522
8289 2861
1118 1352
3862 4946
3002 6424
3537 7601
3035 9198
8641 9500
7596 9702
273 547
543 8968
5428 5265
6430 8928
1186 4101
2830 4567
5645 9654
1678 1864
1139 744
2690 9439
5102 9105
3496 3668
6310 4817
1763 568
7059 1133
9690 2259
4106 1427
8557 9175
4925 9095
2528 1448
6037 3834
9782 7871
7196 7880
1560 1992
231 3579
8210 3223
6532 8443
8851 1307
8848 617
4841 2939
1300 5154
6094 5677
4389 8807
5116 4263
892 930
8594 9527
648 8633
7706 2875
1514 4353
7631 1618
7612 1416
8993 3065
4281 6849
3068 5004
6147 2387
6772 6653
3771 7536
134 2499
8844 3947
9743 5346
2193 6033
484 3772
6597 1657
2560 6522
3763 3053
3503 1414
8905 4622
6246 2267
6541 5601
9335 8427
3902 7508
2722 459
211 6803
2797 3802
3332 3652
9429 118
4891 8599
7992 1498
7177 3382
9399 5434
1147 4146
9918 5665
8140 3621
1427 2559
652 7502
5500 9376
342 2210
6599 7488
5618 756
9126 4790
2494 9527
5736 6786
8390 9776
1527 2496
8004 6793
9192 2720
289 497
2507 8329
8847 7457
8814 3565
2188 6095
7380 4216
9902 4094
9399 2982
3146 445
8911 8975
9930 4824
2520 4393
2138 3856
3190 9902
658 6490
5539 448
3384 633
4588 5566
9617 2364
9367 953
4704 8515
6958 5877
6253 3206
403 8461
8946 4252
3820 9016
4638 9428
2526 9191
2164 4113
7228 8681
4692 4472
1372 5089
7203 5645
3345 5994
9155 401
2267 7562
1610 4338
1379 3353
5526 1090
4157 9508
1058 6047
7988 5710
7376 4374
2965 299
2002 6785
3736 5906
1178 7148
2655 9143
642 4059
5960 5284
5074 8079
2326 4478
375 6729
515 7169
6741 3944
924 4116
24 9642
5958 8807
2395 8081
8113 8058
9212 4232
2688 8416
6008 3584
6579 3451
6092 154
8680 3945
2411 5164
9226 9761
8613 6301
7709 4140
9131 2106
7138 1594
4749 9689
442 5120
5522 3854
3419 2932
5267 6270
4047 2652
176 8408
1359 2042
1683 408
1257 152
2279 272
8498 3950
503 5093
8024 1572
5107 5328
7181 7132
2916 6509
2200 5211
7293 6607
2746 1532
1460 4300
7712 6460
6252 5029
8129 8262
9259 9038
7725 4834
9157 8527
5179 1660
400 2630
4132 9613
1982 9031
464 4365
5185 647
7277 3346
1794 4336
5568 7657
7737 1375
4034 650
9754 3406
1562 6782
8689 1917
4243 3195
3779 9643
9123 3724
7468 9425
7831 7627
8759 5246
851 3167
5741 1231
8161 6384
4335 4836
5717 5212
9443 3513
7466 8602
5761 2447
9552 7478
8693 2380
7612 4376
342 1835
9466 6872
6994 6324
4240 1650
239 3439
650 7622
8338 4022
868 5974
7028 6585
2765 2947
5608 6870
3025 3179
1529 5496
2423 3182
8162 271
5702 4688
4754 4261
9011 8201
1248 4950
9248 336
3343 6887
5322 1042
3006 5434
2388 1038
1120 7457
7743 2278
8594 8848
4652 2692
3920 5535
7470 5153
4621 1851
316 7290
5224 3028
2005 7481
4303 5330
5815 6619
6540 8098
1591 7098
2383 151
9337 7467
9480 1434
9817 6857
8186 4777
6717 3274
8915 360
5756 6259
1395 7999
2988 4672
8793 6965
1894 9345
4338 410
3028 8
1557 9688
6500 4061
8180 9164
9005 6644
5077 8973
7994 7396
2915 1550
8958 8218
4013 3796
4410 2109
374 56
8212 2922
9603 7794
7205 3234
4420 2154
9561 9139
2259 566
6518 7680
1335 8225
6020 7650
2020 350
6099 8082
7889 2290
6361 7587
4789 2619
3891 9640
763 1593
5375 8723
7013 4057
4971 4256
3477 3266
7545 7624
9668 8079
4919 6756
4716 3054
119 5524
1519 650
7503 5012
9345 2234
5778 5871
8738 3254
7476 4713
1893 6018
2172 5468
6112 7617
1715 2304
7548 3276
1180 2891
8725 3622
1338 2995
7370 7308
9176 124
2295 3816
77 1579
3135 8133
7559 2757
4745 8677
7220 5652
2324 732
9083 947
6984 2226
1653 1071
5135 5810
4304 7332
185 480
2575 5263
6925 5868
7967 314
6692 3554
778 8816
5738 5961
2904 2327
5181 677
8241 8134
4967 373
3925 574
6035 4923
7383 906
1812 2451
3084 4755
3485 8405
6621 5642
5060 5705
3760 9804
9712 354
6775 6540
4395 6272
2750 1421
4010 781
4916 1192
7250 1940
7621 5252
3129 4211
5086 7728
7176 863
5571 6548
2704 7722
6614 5909
1543 8768
1076 293
6764 2230
9648 7990
7011 5852
2242 4904
2454 5510
1666 1761
3656 1219
6458 945
6001 3578
3298 9635
4242 3231
1965 6001
6604 2442
9717 8394
3089 4427
917 1544
7279 2584
8699 3959
203 2426
2887 2077
5694 5111
7237 4138
1906 3527
835 9118
3029 2454
3301 9376
8638 1494
1232 8266
788 1138
2121 7042
111 6702
1484 3186
1265 3755
5837 8142
443 1487
2451 8099
3235 7270
2034 6399
2017 5043
27 7018
7865 1285
2014 4363
9007 4496
8806 9446
9914 5219
2603 7158
4237 9173
810 1652
8446 1233
412 7072
1862 3855
355 5266
1267 6737
9041 4114
1877 4273
2534 7004
5710 9036
5457 4381
4814 230
3939 3182
3933 3138
4874 4121
9271 9817
4910 5559
5715 3282
3680 1934
2394 7792
7925 712
8833 8229
5913 9098
1107 1957
8318 5508
7932 3087
7450 1888
9466 3277
2114 5950
7728 4674
7214 4545
8491 3058
4288 1301
6623 5603
7968 1113
5343 3507
9042 4623
7932 9746
3391 7083
2051 3873
4676 8435
2234 3965
3169 5428
9409 9186
6996 5576
8767 3268
9646 3825
3160 8767
7694 8508
2854 9724
7324 5715
6972 1782
3688 8156
4073 312
1755 5624
8054 171
5857 1544
1596 5143
350 8873
4433 4675
2448 367
986 4645
8609 6117
8353 7098
9256 6735
6831 9429
4671 8202
8676 6629
665 2087
7133 1653
5861 3999
5836 5271
6443 9686
5326 538
2227 6548
1942 7305
8656 7845
7213 7523
3817 8451
6427 9492
5103 583
9116 7321
3315 9021
5807 7100
8741 4149
1865 219
8571 5659
9474 5439
588 1176
5119 6707
9236 5653
1026 5782
5943 5678
2504 6670
7419 2593
8614 8391
1896 9336
569 9571
4872 7316
5530 6854
9017 6162
8098 7532
1378 8044
6050 932
624 238
8987 6228
2526 8287
2898 2752
9390 7985
7095 5833
3535 8941
4378 4102
799 3220
4763 7105
2314 983
454 5162
1484 630
7824 3377
8835 6677
6148 451
8500 114
4067 1690
7710 2468
1196 4468
9069 9129
5293 1453
2715 8547
5747 9161
2783 7510
1268 2684
7968 9719
7465 9300
2382 5070
1695 1017
5327 1057
8637 7337
7740 9910
7824 597
861 9889
8382 4897
5931 1031
7053 4085
2748 2979
5631 116
8259 8730
5013 740
119 5892
6973 6545
351 5213
9536 286
8511 5641
7009 4122
95 127
475 844
4922 763
2481 910
9325 73
3789 5721
3143 2488
4163 5138
6480 3117
4238 9721
3796 9819
1783 8342
7992 4182
4170 320
3082 6196
5974 6724
3657 6586
1509 7007
1296 3103
3608 175
47 9862
727 8934
2468 8345
1347 251
8452 2216
2394 5072
1590 9412
8927 7026
4818 108
4535 6699
7709 5866
5469 7604
2162 9053
5128 7595
7209 5246
119 2506
2170 5550
9913 9905
4371 8604
4747 8620
9717 8200
6043 6343
3080 878
3617 3965
7925 7990
5109 730
550 9687
4591 9438
7975 2323
9480 7526
9236 8220
9398 2409
806 4527
7275 3367
5901 3045
1866 2874
6228 1923
1760 2803
1983 2204
2783 6220
2422 3019
6552 8665
6991 3704
2755 5490
607 4367
2102 5102
4449 61
2 2533
2675 3120
4514 3824
5788 5007
7332 6820
6523 1288
5989 8053
3536 5448
6672 6836
2428 2740
1469 3424
424 1221
6007 6651
1644 2955
367 3408
8918 1948
8160 6317
2335 4468
6286 3377
4234 5318
4901 3851
7485 1014
2294 9482
2768 301
6025 910
9136 6184
8480 5688
3019 8579
6532 6604
2735 225
4391 5278
7263 8088
2776 4384
4252 3672
6557 1993
462 3945
7294 5699
5938 9054
1943 1153
8014 9385
5240 5283
7137 383
3916 1424
1693 8011
7815 1938
6461 25
5643 9804
8846 5339
177 6474
86 8779
5255 785
4687 7332
4784 4337
6994 4220
9617 1358
5564 6944
2474 19
6946 736
4063 9209
4152 2707
3213 8240
5223 7467
6620 2647
3168 3119
5950 7627
1309 3984
9759 100
7806 1800
8120 2397
2675 2351
1974 5663
5418 1023
7525 2411
6915 9026
2582 4758
3697 444
7702 3649
7107 7228
363 2157
4185 8681
4386 1147
6535 6452
9270 4080
8503 8184
1075 2573
6828 7118
5700 7646
6458 1491
4684 1803
8732 5980
5316 8647
748 1129
4102 2399
9546 2331
5061 5401
2528 2817
314 6419
5555 7352
6816 5623
4109 6727
7948 7553
3806 5885
9633 2250
389 5278
4356 3197
7623 5272
9498 9683
3783 9367
5884 3909
785 4713
7217 6607
3523 1936
7219 5826
8645 6984
3318 6330
417 4924
2424 9920
5594 6900
4639 1473
582 4616
1438 1036
3898 5803
6558 8418
9083 2038
2188 6703
9714 7967
4225 8441
5797 3580
1325 3776
5215 4572
9017 8131
4863 7140
3555 5256
4667 8086
3945 8250
4431 1182
8280 6693
3436 9079
2908 4900
8794 586
2695 763
8591 9789
6209 7846
5639 1695
1470 8765
7517 4281
8525 7031
8483 6481
592 5239
5579 1832
345 4748
3239 4751
2128 2553
5496 1719
1541 6312
9365 7302
3928 7057
1105 9729
5867 4830
8110 1190
9706 1112
7080 8223
2829 9527
7352 6252
2711 965
9512 5370
2658 361
6421 8568
4165 7398
6317 5363
5091 2502
8657 912
4384 3704
5639 3821
5900 2735
4973 1571
8191 1822
3648 8516
6718 4860
6903 9090
3694 8028
8889 198
9872 8430
1108 1036
1226 479
1616 4319
5866 8783
6256 7404
5490 1480
569 8507
6451 4820
2092 9040
9825 7988
8041 4963
5641 3748
4037 3537
1509 2426
7634 5016
6558 58
3887 6852
1710 5273
8703 4840
239 8329
4957 7432
3502 3844
5734 7725
2898 9039
8461 8491
2555 4236
2164 3376
2176 8107
7986 9174
6357 1083
9235 6170
7018 6489
1558 9835
9289 2889
9396 2763
8128 6757
6799 9493
5172 8748
3308 8489
3159 8009
3712 8835
4883 8637
5031 7534
1006 8945
268 7735
6344 1534
4979 7564
1988 8359
3420 3598
1725 3721
3949 5381
878 5553
51 3736
5102 2377
6322 4769
2131 4107
2167 4829
1499 6787
9845 4899
5320 6261
7960 458
1475 7072
805 1700
7814 5993
3904 7647
4183 6376
8620 1362
8107 3413
3300 5239
5461 4396
843 6296
607 1715
6050 3933
2133 1181
4445 4765
5245 7068
8391 7627
6986 2712
1737 1515
1896 3317
8762 4962
7650 6273
2200 968
3752 5563
3463 3340
574 8322
3322 8287
5387 5799
2492 211
2697 6749
4608 1003
2646 5804
5907 8302
1415 986
2683 9054
2207 6084
5711 4996
3413 3179
4 952
6502 2978
4585 283
3398 9317
8681 3977
5070 7276
4312 7672
1663 8410
6388 8248
2184 6952
9739 770
471 6788
8228 7212
8014 5085
4315 2494
3208 1129
6433 1395
853 7693
2813 4957
2981 6123
7388 4743
2870 4352
7917 9004
4724 4897
6597 1799
1732 4156
237 9185
7650 4109
5312 4042
7468 6696
2625 1522
5723 573
613 6184
7479 6774
6235 9800
6041 4163
983 5844
346 2155
8753 9047
5171 6483
4427 2273
8895 7965
2974 291
6544 5550
3316 4224
6092 4976
62 6683
2636 6873
7806 7579
7784 943
5556 2541
8697 4311
7967 1209
2612 5297
1468 6394
5809 8050
9405 7716
6 7571
8861 2057
5578 5346
4421 3618
1233 5830
9253 6386
1630 976
1216 2012
1439 1597
2579 4489
9503 6033
8580 2155
921 6403
4922 7598
4874 7016
8444 9930
1005 4993
1743 7184
296 2530
3066 1847
987 5321
4934 6549
5356 6330
1575 5039
8624 5545
9030 7097
3317 5885
9896 2270
6781 5076
3289 2154
1266 4603
6423 4603
8067 6255
691 3596
2797 4553
875 3694
5870 4017
4590 9747
3181 3810
7509 7818
2247 3556
5531 3366
9078 7042
1709 4588
9885 2921
7647 962
5831 2975
3421 4826
2551 2488
5973 9668
7191 9190
4208 3386
2163 9245
73 1258
691 6300
5806 5443
495 4098
8059 827
7068 5085
7582 7541
4637 3021
7619 4050
6735 2925
5599 8675
536 1220
4373 5124
8847 3217
9573 9622
1597 8583
3210 6932
2196 1410
5558 6927
8128 7193
5625 981
2013 9826
8471 8173
1544 8329
8014 9385
5722 232
9210 6876
8472 552
6873 4858
6643 6383
1794 3825
3279 9667
9252 4968
5263 6655
4942 2286
8278 4407
4318 1068
2310 7332
7610 1459
7395 4962
402 3359
7176 9163
5835 6271
6855 3915
1536 4897
2315 688
5286 7819
6299 8747
1760 4797
8867 6999
4863 1806
4572 3329
7072 1166
396 5990
1787 4760
9352 5676
69 4900
1836 6181
9131 8259
348 1896
7041 6705
45 892
8202 5078
7982 3630
1914 8088
2257 7695
1691 1102
4991 4752
5334 1044
928 1968
2433 6351
7488 3540
9160 7106
5899 3478
8094 1074
6971 8303
8215 1039
2713 2034
3577 8353
5244 8862
7502 9826
1132 3948
4753 1226
9895 7508
8387 9883
6572 7888
4142 1532
3499 3198
2849 4449
6146 7320
9318 5396
5619 9162
5838 7674
7885 2982
6827 5390
1781 6377
6933 9137
5660 7088
5821 4038
674 6689
1971 112
4964 7789
6361 5141
1128 630
2267 8062
3659 3442
3147 9149
5753 4224
9120 8870
7187 9450
6466 6829
3347 4825
6835 5778
9272 9738
8109 3308
2283 9901
2809 5552
813 7343
2611 3852
3864 8787
7172 4698
5179 4717
5911 8712
4215 4818
6850 2146
8388 1180
964 3078
1536 7891
8046 5463
4752 428
5078 1352
6649 5368
3060 9499
1469 390
8654 8855
5307 1945
3828 7283
9377 5161
9457 2256
1154 5865
7723 9878
7470 9517
2638 4264
1035 3572
6698 7166
1287 5815
8888 6525
4618 751
2701 4343
1949 1614
3225 6339
9358 8320
2529 1276
7003 1878
8640 9536
9633 8504
9254 6567
4426 9724
4159 8269
9613 3865
3091 5313
7097 876
9798 7479
8652 6908
5392 8120
3148 7829
8925 5183
6471 3377
680 4786
137 682
7043 694
4205 9089
6887 3013
5772 4180
7612 3662
3613 3682
2277 1391
1443 1421
7681 7701
4435 4653
9026 8200
5309 5327
4916 7157
6320 5890
492 2218
5759 331
1542 6918
3067 2209
585 7059
2798 4046
1637 4650
2116 213
9882 5098
9207 2654
4125 3064
6158 3839
9750 40
8839 7924
3933 2203
1942 2935
6131 1449
5062 2300
8274 7297
3444 806
5019 9261
5952 2311
2243 2800
7442 3553
4883 9659
109 7033
6646 610
5553 6368
311 7393
237 5372
8437 6049
9811 6495
939 886
9348 8246
4079 5589
3162 5610
8963 9508
970 1819
3473 1753
7847 9247
1077 1349
4349 151
8346 7526
8103 3092
69 7538
9221 2171
7849 2252
6479 8669
3830 6053
1160 9606
4484 3844
3026 4970
492 7946
9760 4638
6288 7560
953 4036
5650 9836
5427 6146
9485 7006
7852 160
7926 9081
7200 1220
5238 6557
6970 3322
4080 4153
8629 7902
4060 1925
2497 8836
1270 9549
1848 2984
5126 5
546 8119
8475 2870
6322 4758
5127 8830
7974 9199
1747 675
5903 6515
3571 8906
4691 2256
5056 4338
7265 1776
9057 3948
4722 7734
2464 4971
3495 7495
3381 8625
5789 4085
7001 3757
8885 8977
6023 3534
4671 3830
5423 3574
6511 8722
3999 4393
815 7661
5810 7643
8433 8195
8193 1719
5544 5123
9212 1577
1706 8183
6913 383
3040 296
4870 4265
6296 9138
6862 9816
4267 711
2657 92
4301 7794
1039 5693
1080 5114
1060 6307
9108 8288
5730 7010
2325 9830
8646 9756
7775 700
4595 519
2453 609
1159 635
5872 2000
6793 9355
4131 6000
5885 451
224 8325
7326 8907
2706 7491
1291 591
5736 9804
3346 7101
8645 183
3393 220
6108 5291
7416 1525
4773 9697
973 5917
6737 3920
4415 6114
1434 7329
6447 7564
4470 4725
8092 5955
6364 1117
397 1231
4025 1275
2204 550
4199 9927
8156 2699
2265 3422
4461 5510
5180 3847
2127 4836
6112 8181
8603 6343
1403 3469
7366 6426
4448 202
8742 4214
1944 7830
8982 2344
2591 5276
2545 2730
4681 7043
8940 2122
6759 7547
6195 8144
3336 4666
3644 8636
6273 3050
123 2583
6960 5003
4211 2260
4821 1554
4012 3673
6453 5155
6758 4299
701 4095
524 3799
7728 8028
1228 5948
5860 7342
6948 7028
508 5799
8800 6181
3351 3342
8622 8575
825 4462
4926 1283
649 506
5979 2328
6008 9547
3569 6268
6046 4278
3696 2557
978 9878
5914 4346
9105 3963
572 6619
5238 7200
5714 3761
5830 1322
268 6285
513 4060
841 1178
1403 8844
9581 5420
8058 6790
8881 7038
6257 5605
8228 9079
1161 3089
4343 3443
213 7227
3637 5788
9373 2926
4302 6556
8629 2754
8015 9850
1120 9680
8749 4971
2684 689
9665 4138
4630 6034
8331 3999
8254 3901
9262 70
4554 7706
3551 8116
8147 825
4072 5583
6113 9883
6914 5871
9927 5601
543 5058
6288 8941
1720 1361
8844 989
3984 733
9102 5976
1524 5595
7961 6734
3726 268
633 9807
3168 4627
1951 5763
5802 5785
1953 7196
6086 3592
4080 7180
3418 2544
4865 7411
9247 3214
9285 4799
466 6679
8126 4339
3595 9297
4200 2882
6080 4966
5900 9196
963 712
7473 1569
8642 426
4815 5665
7852 113
5426 1217
9571 7941
3411 8275
9859 9645
7442 7113
4653 9014
5724 1665
8368 9513
7379 5250
8874 8989
1819 126
4804 2320
7957 8291
4037 5383
9580 1455
8569 7821
528 5476
6491 8531
5332 124
6745 128
3224 8485
8673 8650
4729 289
7511 2434
5003 4825
4111 9487
9021 3582
8539 4513
2652 293
4528 3583
4501 774
3158 989
4868 6803
3559 5724
3646 5762
6659 5000
1084 5652
1060 8129
4268 14
6701 9552
3304 6662
8237 6906
7338 5797
1033 1737
7894 2325
3639 8847
5180 1488
5312 3337
507 4429
7849 8291
8988 6900
778 4507
994 1004
726 8765
5717 7183
8203 6305
970 868
1816 5745
7613 610
8529 7231
1602 446
8524 4781
3734 1299
5073 3634
8833 7350
4495 5896
2562 8242
6843 7319
9189 6138
2649 254
5283 322
7915 9093
6554 6108
9613 4482
8771 7882
4724 3970
5554 3119
2772 9073
7036 7225
9012 2765
8623 4572
5262 2161
8294 8049
9606 1687
3626 631
6863 6411
2241 8017
852 7897
7530 1243
8005 9642
1609 6367
5376 5095
8732 4019
6401 5821
4656 9093
7663 159
4318 6006
2153 5711
6677 1779
5256 7646
8712 3251
4514 7541
5449 7764
437 4863
3015 1697
6482 2454
3577 5127
7032 522
6524 2155
8597 7386
2702 4435
9801 9416
1743 2924
6713 107
2663 6551
8952 3531
7977 1726
9602 7439
3919 9156
8899 154
2182 6923
7322 3741
4927 8813
2318 8218
2684 9590
486 7104
1346 2766
3415 1961
3280 1005
3968 6011
7724 2221
2634 3227
393 7658
6050 9688
4790 5157
9384 9691
2390 3391
1245 5308
7642 1239
1852 6571
7968 673
4397 918
1736 1885
3806 1066
591 6247
8431 2569
6256 8350
5943 6176
5597 7167
2551 7048
9294 4639
2963 3351
4646 9236
1206 9457
7277 5729
5928 4669
2128 7619
6143 3746
2983 8994
1134 9147
199 9594
9445 4707
8689 6986
3189 4664
6607 1635
7813 9410
4555 665
8044 4951
3757 5890
4371 5172
3946 7891
1700 9554
3063 5814
5542 7629
3759 7072
2061 2512
617 5557
1709 196
9313 5841
9571 1526
9727 4216
8353 4850
6213 6496
8170 1645
2237 4757
1092 3883
8006 3957
6059 8167
2120 5735
9175 9315
8619 7984
9015 8459
4227 2117
6075 1101
7824 8339
8841 1541
6867 5503
5596 130
6929 1359
6138 3140
8192 3213
126 6992
9045 5655
1564 3800
8203 7299
5342 5460
4054 3049
1075 9126
7242 3990
6556 8696
176 5123
6344 2623
9241 2882
3318 1991
5429 8546
5282 5793
5153 2364
2333 3975
8953 1080
1529 2222
9519 8062
6352 4244
546 2359
3931 1862
2376 8785
8800 4544
8176 522
9910 666
4522 4715
2412 7510
7308 3102
5643 3318
8926 6848
9715 653
2645 4669
7013 53
885 4973
8713 1401
1924 7113
4501 2624
5669 6556
8637 1954
9108 4652
3709 9693
1530 197
6185 6113
5048 4079
5591 1898
2316 8008
3647 8428
4407 1302
4312 785
3307 7846
7554 7660
9834 2476
9609 810
964 6691
3047 2779
4516 2238
3733 9906
3215 1844
2245 6872
6274 7163
5845 9584
6296 3322
560 6172
1644 2868
7091 7633
2962 1432
8078 9561
2946 3622
2319 1096
3966 1858
3935 2880
4909 6584
7023 2687
9219 1233
6438 5524
8661 7155
6047 4857
3600 2840
2061 6411
7686 6506
925 2340
154 6689
124 9834
9030 2161
7152 5212
2581 5489
2465 8454
3313 8989
5624 117
1880 7267
3888 8078
1239 9770
6700 4881
3998 6927
505 5092
6622 8461
8700 4631
2793 7951
1663 8873
9286 4283
7518 5082
8666 7189
3271 4502
1808 7072
3129 1659
9370 528
8846 4914
1528 5705
9337 9646
9214 6154
8680 4323
4230 722
2368 2926
8631 6581
1013 4831
9492 3060
9231 2897
5455 8585
6858 2138
1286 4371
2937 3007
3913 3554
5810 4190
1228 7349
7453 1064
1328 9093
5121 1430
884 7568
5462 1450
4413 3922
1274 2306
265 8545
6849 6622
3742 9283
2807 4935
791 4866
9347 1233
7407 2732
3658 5855
6251 3295
7430 6050
3829 1622
4630 8441
1118 2262
5352 4707
9175 8733
1880 792
4667 782
2179 5616
990 4807
2397 2641
6241 4492
161 7876
7997 4842
4668 7412
6816 111
6330 7795
5778 9709
7989 597
8489 6283
7946 1264
3143 313
4924 9590
5096 6394
4688 6419
328 2438
7082 2821
5611 6181
1611 3226
355 3006
5822 5712
335 938
3152 9411
2954 5446
8880 2569
1222 6779
7572 8409
6170 8874
7943 8324
3100 1689
141 9323
4475 3129
7775 8982
7555 1613
1711 516
3742 8788
8072 5073
5336 4917
6808 3141
6421 7833
9538 8119
6434 7517
2338 4598
151 993
4705 1329
1108 1679
1302 2896
7268 8013
1887 8488
687 3765
1335 9643
3100 5643
4636 3426
6152 6582
1920 80
7528 1998
4192 332
1453 3508
7200 2614
7369 3667
2040 6488
1567 8623
3929 3766
7707 6234
5466 46
3643 72
7783 8740
970 3027
2893 2450
6519 2005
9422 8596
4020 4097
5289 4619
6785 1300
7480 9826
9190 4287
4258 7359
9679 9045
6861 303
2024 6361
1468 3673
7690 8546
3716 4456
9258 9912
8930 5505
5708 5816
7631 5853
876 7924
6850 5876
9360 6144
4288 8416
7777 6841
3475 7841
1219 5919
3210 4422
2695 5316
7894 3071
536 2078
4874 7282
6045 7256
2394 7762
3447 4723
6284 1613
6785 3353
2088 3846
2523 3205
6672 1754
707 7447
2548 9134
3678 4544
4681 8282
7056 6514
8052 2681
8456 7208
8363 4532
1993 6106
4098 8909
5410 8443
1689 7868
8298 3879
4616 9491
1508 1786
489 667
9872 1709
6807 4007
1578 7743
8337 7023
1259 6637
5992 2528
4033 1554
774 7468
5373 2915
9668 1377
123 7283
2795 1272
1883 1753
9834 2809
3824 5199
9101 9327
8705 3399
6923 8924
6902 7369
9218 1986
5720 6249
5157 9751
7437 8734
7657 5424
6802 5419
8664 5864
5132 3236
3991 4477
3462 1939
2073 5658
7733 9139
8229 1481
2865 8197
6335 4159
7191 5559
9666 8767
6575 7239
1479 5024
8716 5948
9610 4584
6276 9854
2964 7245
9611 8432
7630 4506
3950 4808
7805 2531
8267 2880
9045 8271
2705 5904
1579 8670
3428 1095
3266 5974
2419 3791
2471 4388
5712 1787
9403 1444
139 8225
4221 3262
3267 8893
5220 3557
3303 2643
2854 2862
1607 3835
6845 566
1731 748
7397 672
9026 848
54 8491
30 6073
4167 6918
1972 2489
1077 8554
5165 4054
661 6044
5493 3788
4792 3310
5675 7874
7952 8704
8871 205
7667 3068
5535 4664
9768 8743
8243 7101
3530 3636
3903 3496
4482 9129
9550 2562
2697 6803
6116 7902
2488 5210
5484 5930
2473 3818
4036 4409
6271 5205
104 3421
2022 8870
7748 368
89 457
4322 169
4871 2522
86 8896
9376 1275
1416 8103
4788 2324
6658 6803
7396 6431
2985 3533
3203 210
3781 1590
1718 7279
7090 4334
4748 2531
52 8478
9274 9563
3156 6042
2383 2735
8034 1649
5122 1412
3777 6936
5105 5714
7457 8840
4128 2889
4389 5111
5647 4616
4887 4898
4627 7278
4015 2282
1731 2936
8103 5633
1474 5054
913 9108
8211 4519
9709 7626
9754 2312
3193 3557
4424 4704
6027 785
2106 8449
4713 7464
647 4583
2579 6745
9400 9029
7836 4680
7205 6526
4575 4165
5551 4218
2525 8187
6061 5010
6549 2751
9776 3824
2381 7648
4215 5568
6933 3893
7529 2083
893 7812
5800 2709
5335 2206
3117 1507
7186 78
3353 358
284 5652
5258 3755
9852 3612
5709 8369
7152 9769
839 3262
275 6175
7552 2012
4099 6251
141 4040
8415 3315
1353 1629
322 3381
9740 5829
4049 8525
2583 4887
409 7260
6031 9136
9429 1053
9188 2629
7158 3191
8934 3820
4884 6358
2047 277
1714 2189
2457 9576
7567 4667
1401 5617
5070 7428
2535 2226
1164 9387
3632 6816
5913 1226
1033 6936
8453 7350
940 8573
7673 4898
9130 6052
3819 1950
8379 7351
5050 2423
2926 2132
9604 1351
1096 4020
8188 9692
9428 6583
4366 4525
2186 7239
1598 39
9684 200
2970 7922
9299 1906
8707 5929
1732 5641
1471 3008
9675 9677
6907 8061
4731 3961
1854 1456
903 6737
6838 6184
1478 6894
8620 1264
1267 534
8037 5979
6944 1589
3663 6778
1352 4369
8739 3237
648 4158
1732 2010
6085 5747
8530 5678
1432 3901
268 9533
8754 3477
7776 2477
9913 9219
7059 3289
9434 6221
401 3004
6861 4672
5224 587
3090 1829
9915 524
8839 4373
5193 2786
6343 4321
8858 4128
9730 3818
7850 2700
7681 6307
9492 5971
9389 2477
7886 1447
1969 3140
1869 7878
2828 2560
3478 5012
8818 264
4055 9598
6868 5020
5059 7735
3839 2618
4965 8830
5590 8240
7825 6287
2562 6699
9496 1625
7353 8655
1438 4089
4416 532
7516 6012
9691 6298
7696 8093
7772 3276
9695 9422
3414 1754
3530 9081
2213 7065
5219 7252
4542 4961
1206 4717
6161 7894
3100 7138
563 3855
5464 3569
4002 7756
3051 1818
5679 4687
1857 258
57 1824
4718 902
3690 1047
7279 2384
1750 204
2761 4073
6316 9718
1006 8409
9019 2399
7002 506
4031 8501
2953 1858
6888 2242
190 7931
7930 5814
4456 3932
6894 9497
7434 9086
4740 1085
8286 6016
896 1942
4802 8558
2164 8734
8809 8230
2537 5738
3725 3156
8801 2372
8439 4449
7960 6677
6123 3262
2574 2731
4370 1450
6589 5021
6356 1345
1112 5811
8762 6461
1197 6919
6363 8530
4914 9781
5209 1151
3434 8680
6995 6330
4880 7197
944 3837
3751 8980
2961 6774
9293 250
238 4698
4800 4344
1188 628
1031 5800
523 7108
3555 2327
8412 4731
7499 8168
4636 6234
8735 8993
9151 5862
2458 9053
1028 7855
6046 5825
6593 6462
7614 5498
4449 3394
5790 4247
5770 5338
8526 8647
7752 724
8805 9745
8847 6665
8139 9346
197 3267
6134 6629
552 5965
5104 6859
5534 8653
7903 7521
3890 1999
1751 9185
6538 7759
1229 6789
9528 6558
1130 6019
4012 8415
5678 2875
4088 1484
5728 4490
1140 1036
494 2468
4695 7019
2298 9647
6194 9680
4165 9866
8524 3415
1297 6136
3654 8056
9514 4315
916 7201
4715 4468
7750 2773
4227 1886
3859 8340
99 1797
1373 2836
4575 2933
4947 152
3543 3439
5213 5937
7080 3818
5230 6789
5693 2567
3319 8092
7360 1276
8907 4677
2865 7026
5375 9899
1266 8523
2033 802
6814 8084
6522 6603
2701 3319
7520 4283
4283 4905
595 9758
5326 2203
4235 3051
4768 3396
6118 1380
7997 1644
8423 2224
5159 3296
393 5976
71 345
1191 5349
4128 342
3510 1438
2509 2298
4164 9224
5386 6176
7805 6864
2157 9904
9342 2335
7182 7255
118 6977
4104 6228
8484 3255
6333 4502
1044 7937
6956 978
5082 1770
9052 9563
2877 5667
6217 3673
4338 4365
8571 3768
724 7878
2667 9403
4291 1293
8817 1807
766 8675
6157 8303
5918 8806
6870 2670
727 3108
5971 9486
4986 1266
6561 3117
3508 4365
2608 1149
7751 9420
3934 7631
917 6209
4999 824
7301 3751
4731 1061
1979 7109
4865 2418
6950 4928
594 8378
3224 1593
2669 876
4102 2628
8694 9317
4004 4837
9364 8826
33 7300
7641 3548
8421 7488
5366 486
8515 3663
7551 3172
9844 3913
6641 1839
1048 5043
10 2140
1691 7883
4678 7312
9265 5048
566 4269
3399 9110
6365 102
6864 8659
8463 8325
3662 154
8358 3695
5614 2921
2042 5179
3884 4410
2661 2704
3793 5626
2777 1552
1207 2867
2611 3648
1379 9097
1369 3170
9328 1851
5139 4435
5222 3091
2872 3841
5990 9310
5886 2313
1118 6752
5750 7670
5687 3796
3727 2054
3124 3891
8376 9651
526 2353
9645 9267
804 9554
2065 1543
6077 5544
1846 6548
8969 4509
4343 6263
8549 339
6496 956
5229 3814
4620 3364
7824 4168
3645 8978
4287 9201
8821 9211
8055 4189
1310 1750
255 5064
4209 9248
7186 6117
4601 3943
4154 3879
7327 3445
6464 4501
4814 1494
8887 7617
5650 1168
3535 6855
2107 9861
8627 7215
2681 8894
2363 7872
9220 1270
7598 8563
8665 7597
3324 9323
7958 5964
1683 1300
3162 5962
4582 4857
5832 6706
6066 219
3734 6264
2143 4800
5379 9887
4722 4016
3047 299
8395 1036
686 4904
6241 5264
5842 656
3426 6561
8857 5358
9899 3933
9863 5389
3748 3128
9119 3098
9864 111
2749 1867
9138 4690
9870 7100
1721 1912
6141 3677
525 6452
4555 4649
9814 6885
4934 6811
5686 2337
3995 5896
6282 2184
8882 7375
7104 7698
2959 4969
306 3599
4696 5483
9268 9330
6426 9672
8590 520
2415 3053
5978 7154
4915 4425
5156 9547
5574 8460
9022 3392
775 568
2935 6308
4182 3766
6010 5873
6787 9071
2531 7187
3485 974
3054 7688
6938 4388
6774 5516
1030 8998
8040 602
1938 1897
1232 774
689 3119
4047 2676
8309 3754
3081 2188
1040 3432
3794 5876
5826 9926
5652 6681
8510 4715
5105 9416
4548 9709
1422 1909
3720 6444
7238 20
2103 199
7997 3388
8292 3370
9710 7723
689 8178
2002 2667
1687 6634
7796 1101
7382 2039
6110 7274
8281 4842
2159 8262
1139 4028
8519 7964
6790 8190
8622 5953
6555 9587
141 7435
1586 1652
5631 1670
6540 8069
2001 6170
7588 3944
2088 6490
7740 9471
7593 9904
3279 1019
4711 6790
4815 4633
9031 343
6754 3684
6498 6111
2685 994
1623 9739
9737 1080
5972 1300
2470 5953
2447 4194
2636 992
2806 6227
6543 8272
2625 14
5371 7384
7616 3766
8055 4400
8541 2885
3779 1374
7113 6748
9069 4909
6818 2363
6122 9703
7068 2510
2254 4255
6336 1813
8793 520
8502 1497
581 684
5193 1695
2336 6309
5951 3273
6032 6048
9 2805
8918 8190
2700 5626
4181 4553
8829 3746
5210 9761
5198 6756
9687 535
4279 8697
9036 4472
6084 6882
7870 481
6944 6521
1826 3804
6733 8047
4464 449
2460 7535
213 7939
9509 5082
8067 4051
6285 369
221 3903
2291 7808
1776 4198
2648 2882
8168 8026
2197 6454
3126 2798
3921 8952
1949 4346
9035 5387
4568 3568
7789 7276
872 6492
3813 7923
39 636
9509 6333
7227 6048
3802 797
5329 5400
755 1979
71 4577
5735 5341
5325 8743
4946 5587
907 2045
1343 6573
682 7632
1624 646
4823 5687
6641 6220
4225 8633
1831 8275
7727 5154
8835 8176
7922 2064
6647 4937
5708 7762
2561 4730
3994 7037
666 747
2927 5855
2 6339
2298 6114
2024 7891
3673 3165
2501 7119
5503 6658
8069 7621
1338 3441
7848 4564
5267 8036
3295 8755
6597 4742
1301 7117
8525 3518
5758 6512
9874 5353
5571 8803
5095 5219
5217 3782
2277 513
5517 2622
6551 3208
2072 9339
8045 8911
536 4259
9431 7248
5003 4145
845 7065
2931 6261
5392 7340
5846 803
5476 8629
7607 6138
4885 4665
806 8565
92 1794
2953 3393
7793 5737
4839 3649
6908 8781
6755 7997
8744 7244
1635 1453
2887 2305
8005 7229
7183 5699
3535 6095
5817 1962
2249 8652
3075 5089
2215 5224
9322 7595
8428 2525
9641 4152
8921 9887
3627 4512
6459 5275
1002 2479
4569 7605
4510 772
6161 942
795 8579
6446 8616
2187 770
2388 4962
5876 8328
5857 115
6287 6181
9092 2131
4700 3344
6542 654
7278 337
5577 8739
3268 580
393 1009
6369 7341
4280 3969
2045 1461
8717 5428
5500 5823
7202 1107
2162 5253
8216 3980
9168 944
8336 4786
274 8388
7952 1135
4314 2906
4257 7254
2058 7613
6452 3363
515 108
6829 4179
7847 7751
235 3881
281 2063
5841 5949
1997 9120
7164 7897
512 1083
8979 7187
9501 8835
6011 3249
3496 4382
1968 2222
2996 2346
5980 8710
3813 1412
1300 9210
4841 5749
5736 423
744 8286
939 4908
4699 2751
5175 7224
6593 3337
57 5248
4937 1687
6348 4106
5321 9915
1385 7069
3732 3289
8525 9813
9844 2086
614 6042
3146 9307
682 9109
6917 3439
7802 6511
8889 5273
5367 174
3456 227
2927 6882
98 4759
1291 1047
9152 7836
593 815
6140 9290
9028 988
5756 6593
3178 3520
4759 3063
4684 9645
1846 1906
8867 3975
1601 8224
3779 8579
6250 6377
8114 5246
3359 1785
4013 8316
8097 438
7514 7068
6947 1922
4706 7820
1154 7725
6799 2861
183 9348
2779 8311
426 2398
661 8359
9545 493
7199 2312
8932 5079
693 4927
1742 6970
7601 4372
3962 1012
4062 470
4496 4289
3420 5503
4350 3727
2488 9418
8076 2078
4426 3905
4224 4450
5917 8265
4905 925
5111 308
3092 1802
5301 3243
6238 7266
7888 8037
4609 9917
2096 8242
33 3059
2203 3035
61 1778
3229 115
1096 6134
2920 6865
6736 4087
3495 4780
4291 5109
3804 3846
8475 4065
388 4103
8513 3820
1047 4096
4164 7560
7216 6854
2582 6118
3268 2182
6412 5349
5483 5644
779 1181
5412 8144
8110 3122
3809 3841
1305 8029
8291 3256
7411 1859
5924 6224
6970 4597
5580 1780
3359 22
3899 3959
7136 1217
3631 9915
4723 4305
9735 1025
8101 4276
2303 5719
7964 4749
5783 4997
5257 8175
5435 6233
527 7720
5613 6129
4015 1243
614 7210
1953 5186
5689 7746
1057 5203
7040 3561
2104 1787
1472 5277
1658 2033
1900 2488
6726 1337
849 2884
2681 6503
810 7373
1137 413
272 5825
2453 8393
4192 8338
1163 3801
5727 5031
9292 2402
5343 1739
7409 5869
7289 2335
9738 3735
1342 7631
7284 4294
7076 9015
7988 1965
9779 9512
3942 5352
6338 6072
8389 824
9523 9849
6034 8983
7057 4544
565 3707
2454 1531
3844 6462
7704 2027
4128 9496
1704 4840
4604 2513
6695 9137
7543 7064
5100 5807
2490 9598
5919 5309
8377 533
6827 9408
1594 3150
2934 5926
6741 2395
876 7591
1524 666
6975 5415
5232 4775
398 8595
4991 5377
882 4374
2756 6534
7179 398
5716 5740
5349 9003
7670 707
5399 4296
5241 1478
5936 6162
6975 5348
4485 8458
2435 3624
6691 3100
4841 264
297 8438
4603 6526
6733 3849
7079 4239
323 2302
4556 4456
3119 5945
8494 3371
2714 947
5738 1596
4681 3044
5485 5770
5874 9799
7432 5167
1422 9577
3168 7563
3266 1577
860 8254
4710 4779
6323 4033
4934 5518
8458 5000
7173 7660
1742 6235
8217 5794
8761 1984
4356 5580
4209 7061
3550 7174
6581 488
1225 2780
191 7131
1741 6657
1053 1427
7224 1741
7572 4954
219 120
6441 8758
5518 1453
7560 122
4600 7964
6049 4787
308 6491
4862 9679
4667 3626
369 1488
6856 3504
4119 3078
2362 4617
4788 562
1183 3357
1255 1018
4744 6921
6154 521
2862 374
1621 2421
4555 2121
9802 539
1249 2064
1554 9896
6484 6513
5598 468
3508 1216
1932 2466
1363 8341
8213 4929
1764 180
1203 2809
690 5773
3146 1246
6221 7875
8272 556
816 70
7078 4329
8920 3196
4676 8409
9431 8714
6062 8374
9147 8111
6094 286
1722 4121
9281 9122
7938 1123
7508 2565
3549 484
1638 9336
7527 5515
2561 1001
5207 3721
3340 483
6224 2838
2164 4403
7316 2941
6960 8591
5726 9763
4645 1391
3459 2864
4336 7958
8843 1697
1629 2343
3164 7618
434 5154
4785 4319
3362 3428
8409 2015
3049 6592
8373 7552
4396 8530
2229 684
8794 7785
6241 4644
9061 6031
8549 1407
7435 358
2157 6276
2219 6204
4888 115
4205 7344
5202 3433
5193 768
9808 1005
5845 4765
4366 7865
331 3302
411 5482
3846 8103
8795 6268
6423 7754
7714 4786
7828 2668
9840 8058
4584 6910
5383 5610
4160 8704
5766 9626
1291 962
644 961
8073 1554
5051 1881
5745 5831
5581 5843
1058 143
6157 8644
1106 4146
4062 5990
2883 1945
2635 4040
365 3923
3700 3849
6629 4111
2306 3978
7709 6904
6341 8467
4114 4385
3734 3886
3197 463
9408 9160
477 3495
9837 4094
8752 5070
9048 8411
1454 8706
2964 8697
8988 3233
5580 8622
6096 1709
3573 8574
1097 8036
1986 6879
4242 8748
5523 8119
3251 263
603 2587
2278 5360
9633 5776
392 568
6736 3068
7097 8853
9837 9464
7166 9
942 7192
437 2893
5998 6711
488 5964
8271 5561
5952 8102
2936 2243
2378 8471
4811 1938
9625 6663
5480 634
3047 3885
1704 7417
2627 1066
5513 9001
3713 9245
7771 4519
9405 6653
3794 340
8428 320
5722 6296
7465 5826
9703 899
5578 1842
6015 5418
3388 2628
9861 3499
564 7601
2477 6898
4406 2558
3013 9733
4046 7730
2166 5444
3204 2942
1935 4862
7290 2770
6636 7768
8882 9444
1119 9118
7893 9129
2978 7849
7938 6255
3011 1785
9410 5448
9460 6042
6728 1324
5963 4359
5339 9416
4349 9399
5961 7710
9584 7871
7193 2656
3626 2455
243 1458
2637 6816
4369 2154
9009 6574
8960 1840
6089 6155
6253 1394
6618 6017
8043 4494
8659 3862
9492 1376
6507 7108
8263 3550
8183 1797
683 4616
8027 2237
2645 1782
7484 4443
6416 3014
4946 2037
5000 9776
9457 2321
5337 1448
6729 5008
3411 912
6945 3512
6543 1067
4588 3093
5045 1362
5832 4304
2575 8298
4374 5441
9587 5422
6387 1130
7853 1604
8248 9914
9261 1216
8705 198
1591 3806
6031 2620
984 8549
3275 7503
9774 5571
9874 2236
2030 3871
6611 2455
2211 8769
7569 8249
3035 7230
636 8436
2643 7428
2940 9074
8734 3207
4061 6540
887 1190
1118 7940
5160 2124
8115 4477
369 5215
6057 4261
7187 8505
3131 3628
7315 93
3485 723
4032 1346
8657 8996
4818 6506
4748 8790
2507 441
5524 4795
4409 3397
6374 8026
3410 8231
2523 8524
8210 8992
522 2744
2907 7457
3598 7616
366 398
5189 5338
5818 116
1845 3178
9754 8490
4512 8872
744 4911
8041 5957
7431 4566
2663 2399
4388 1316
455 1269
3133 7042
8438 6875
5465 1673
1028 2913
7687 3838
5853 5251
2885 8954
1009 9012
9849 3216
9396 7017
2076 6605
6502 1551
2394 1628
4920 3447
832 3125
9696 6418
6888 1308
4093 9494
4783 8057
7306 4646
4116 139
1135 4802
9116 2892
2552 2430
3943 2241
2403 8256
5949 8908
2887 3494
6008 7047
7552 4468
2788 5520
2629 6866
6463 4006
3208 4778
2782 3197
2991 8331
5372 370
7665 4208
5018 5481
7794 4964
7047 6550
2571 4853
3028 4805
3143 3114
1773 259
7074 8174
4614 5541
3272 2057
9353 1718
6554 3759
8372 4782
7283 231
4344 7488
1518 6355
6834 2699
2613 3670
5526 8096
6064 8802
2018 9482
2144 4840
1347 9150
1921 3919
6878 7855
3238 1876
5092 8514
7258 5579
1975 8298
6051 3403
316 2198
4231 6299
9158 377
7409 540
1044 8242
1448 6235
3796 9635
3566 4518
7414 1760
245 4474
1502 2750
4047 3806
3648 1097
5546 4801
4476 3442
307 3420
3551 3994
4636 526
5639 2394
8934 9194
7692 1745
3394 5236
2884 2148
6097 6020
526 5512
208 5193
727 9674
4872 4337
610 363
6927 9231
7539 349
6120 9026
6056 9319
8487 7623
6184 8406
6008 2157
604 1401
1277 5349
2508 2739
2513 5854
7351 5677
6501 8978
6275 3149
5845 8976
4975 7399
5996 3433
5033 3408
5988 7441
4295 4191
2173 6745
2240 7823
6020 1082
9281 4364
6182 8029
6988 4956
2121 5886
2828 8481
3450 4013
4516 3054
9279 3314
6302 6502
9103 4487
523 6008
2506 7893
4618 898
258 5291
5418 2563
5491 1032
3732 5428
1383 9168
5106 2770
1328 5303
1147 9015
5229 9870
5364 8422
669 2615
3008 8274
2862 4344
5810 7141
3655 2553
4329 2486
7854 5828
5230 3658
3534 4674
4511 3874
5323 6615
7506 489
2750 4952
4867 7247
4345 1940
5074 5373
5365 754
2618 3708
6747 9413
2097 4048
5006 18
1677 5984
2382 1915
2692 3965
3245 1010
5465 140
5441 808
2111 9492
1739 1459
5581 97
5071 3816
1198 682
9140 6498
9187 5293
4115 1671
879 1686
3327 818
7154 5181
4380 6284
5174 4018
9857 4944
5978 904
9798 8181
3005 8288
7176 546
2565 1037
1689 2383
8760 6986
4267 199
668 6361
9373 8429
7271 2954
8205 2864
4983 6293
8117 8030
6520 7032
4010 5219
2532 5019
9019 4612
6771 3055
6859 33
1327 121
2714 1590
1178 7973
5461 8847
7143 5179
5891 4918
2770 7248
4401 2598
2489 7562
7751 2998
456 1403
7288 5586
5899 9614
7687 5011
9333 8729
2160 7132
3671 4412
1753 1218
7768 4407
884 2142
3441 2680
3986 9539
9041 3981
3732 3286
5710 6931
1955 1195
573 2966
6146 9572
6726 1848
257 9061
8944 292
7657 5148
5611 6178
5961 353
4216 371
4334 3075
9751 6306
6525 1071
9759 2311
8754 5293
5838 3915
4108 2305
5106 4568
7059 2055
125 5459
3933 9904
352 7061
3081 3404
597 77
3854 8881
5102 2272
9930 9590
8921 7959
3205 7743
1829 3453
9035 2442
710 9251
8359 5677
6789 6361
6802 9710
3103 1278
1388 1717
1552 9055
9020 2232
6419 6220
3293 9388
384 9897
7141 5691
4604 6912
9395 4524
3287 9495
6482 4984
1227 6487
1918 49
1687 3992
2854 4001
9781 4922
2990 2013
699 4439
5279 8615
4805 4163
9662 9261
5867 7931
5162 297
6053 9246
3012 4495
9327 6256
2071 9461
9482 8804
7950 8101
1687 2778
3875 4060
1116 2466
6116 1763
5243 341
4072 1983
1096 5706
8914 7479
4077 182
4377 7578
9505 1159
431 1063
742 6737
8207 7304
6392 6516
7726 2512
9757 471
7186 7035
8979 1720
2201 6614
7350 5679
9370 353
549 1370
1326 9555
998 9766
8450 1424
6002 7152
9301 8641
4298 7665
2628 8468
8951 1735
6459 8199
9549 5003
6986 8711
3112 1527
4703 5972
7822 1249
4941 6182
3424 1169
1125 3923
5384 9029
1751 2169
8751 3662
9492 5384
5272 8755
353 2175
5524 3642
3439 2879
5763 4168
9645 3924
5368 7425
8009 4599
6824 245
2256 2446
4440 7676
2221 6444
3191 1419
2669 5667
7720 5698
3227 7089
5382 9211
1715 5747
1197 403
7963 7086
9818 930
5162 5129
540 5338
7774 4078
2141 2014
5058 3934
4206 5237
9561 7025
7556 3178
6264 8405
1413 2267
5346 2661
1046 831
2813 7716
8521 8225
5634 5201
5802 2752
8501 4069
9507 6315
9537 9797
4337 9158
2811 7236
1416 4925
4972 6096
7170 6235
2707 3314
8205 2029
6144 755
4353 1846
937 3948
3907 837
6051 4437
5842 8829
7770 6677
6925 6757
921 9464
8235 903
4710 9638
3667 6388
2984 5211
9595 1075
6269 5601
3402 1176
2187 3340
8456 5078
9716 4638
1935 6377
2639 9031
7982 7877
7522 6192
1640 2568
9137 6957
5505 2167
4672 6201
3910 6326
1839 1414
3603 1671
3261 9169
3217 3528
8909 6686
3079 8738
4362 7444
1181 3697
1531 9289
433 4193
6621 1289
319 3026
6468 1354
1041 3772
8675 2307
2921 536
6312 6391
6259 105
4126 1002
2832 6085
1816 3059
4612 4112
6810 3980
6302 5254
3348 2892
1280 8865
6930 7815
2902 2089
7725 6598
4213 5889
8663 7228
6122 9403
2203 9699
5434 4121
5987 3133
4193 5791
6637 918
7026 2273
5262 8196
1967 616
2217 4039
8527 4370
9161 8764
1904 4188
9584 2948
5458 1108
8668 664
8114 6530
959 8545
5213 6931
3826 2062
5673 7609
1049 2664
8147 549
3221 2329
4836 6297
6581 4162
2855 4122
486 2457
3467 2891
8428 2267
7902 4441
7748 7478
2001 3696
7864 2363
3887 2736
5175 2994
5090 1149
9755 9887
5191 6398
4249 1054
335 1256
2403 1126
2795 5773
4773 561
5988 4991
7170 9453
9597 3388
5561 127
7445 4890
9405 4161
8502 8328
5897 6993
2698 9489
5218 733
2017 9666
6042 78
1859 3020
2318 9242
5078 6491
131 1961
4474 8066
9490 8817
6206 8443
4304 4686
1518 4050
1579 3511
9630 1044
6591 1442
2330 6364
6521 26
3598 5787
8293 3968
777 7106
8109 9439
2452 9661
898 93
4223 1298
2914 7644
5391 513
4169 360
7239 3934
535 5909
8966 9634
7660 2100
737 6409
2826 3196
3669 6795
2460 2394
4443 556
403 2538
3233 9892
7694 2461
7807 3285
4834 4425
3878 527
1822 1265
3335 9652
3187 1011
7370 4138
1749 8132
4970 6525
1491 2657
5930 7244
6607 2452
757 3387
6669 8321
2877 7007
3500 3655
5183 31
6734 3574
8963 7705
9430 816
8907 7096
3380 7409
3546 4227
9080 5746
7054 1344
3257 7121
9405 3488
2619 9439
5909 6880
1155 7680
3300 3328
7172 1126
7055 5666
5789 2061
965 4072
4216 2449
5807 8546
6248 6119
9136 5013
2356 962
8321 50
106 686
5116 4149
105 2553
2395 9288
2115 457
3659 1989
4741 7128
9409 4671
284 6727
6219 2385
6973 3074
6346 3355
1391 555
923 7774
5770 7287
6516 6241
9609 9114
7709 3496
3094 1003
5797 9620
5534 443
7092 3449
7595 2243
2169 5527
3975 3043
1949 3115
8538 9910
9548 7996
4650 713
6444 8409
1939 9619
1691 3364
6963 502
3764 2732
9086 6797
9035 8353
9219 4702
4476 6455
8639 4570
5543 7969
7270 8582
2849 5900
1576 6768
1472 2216
1732 1703
1840 683
2378 9738
7817 7961
6874 3065
6126 3470
2417 1286
3635 3858
2053 7737
6812 8410
6880 5859
6721 7421
2832 1942
5023 6062
1018 7610
6549 4359
7733 7117
5400 3921
404 1524
2170 9649
4165 9176
442 9006
698 8984
9886 8473
2823 7187
958 641
7936 5171
1409 1809
9526 852
7559 4509
3319 290
4739 3335
2482 3785
3458 2437
9901 1154
3595 2208
4244 6179
2552 3520
9627 9119
3249 8697
7040 8675
2477 5997
192 1841
9143 7271
539 9424
3974 5132
4853 6799
71 3395
5274 4092
8392 1855
9370 1233
3125 7031
1980 4866
1611 132
3580 8408
5673 262
993 4668
7696 1106
1533 2956
3955 227
3380 8661
7879 910
3072 8637
8248 2784
483 546
4668 5258
8733 129
8008 7034
9431 5820
808 2458
6616 868
880 6134
6327 8935
8776 9306
1096 3296
3010 1008
2675 7166
6405 5807
2797 6729
7269 7939
3038 9258
9696 9599
9556 2975
4266 3188
3215 2914
734 4777
4293 515
9791 4259
1543 6948
8288 3519
4579 7503
3112 4518
1382 4204
7309 8157
1599 1050
2918 9061
4659 4154
2333 6937
4195 9441
9587 9486
6981 7550
8188 7690
5626 8981
3769 9071
1337 8238
5495 9593
2876 2715
6427 6627
5225 1680
7079 4149
850 5721
8363 2992
3795 4141
3233 5699
7547 9817
4719 4613
5770 5187
2969 1175
4032 6063
2686 9406
2820 3522
3422 1561
9059 4952
1427 1703
4148 8981
2179 9373
7840 3438
778 1617
8834 4623
3127 3170
1664 8096
4141 1219
1018 3025
7510 3371
7109 5789
450 1735
4324 3478
2252 2879
6225 6182
7058 6581
9118 2977
3130 9374
5947 8912
1472 5867
1113 4480
9639 6726
8830 786
558 6398
983 4936
4251 4566
1335 2609
642 4503
1037 6901
3572 7940
7206 2705
5544 1593
2422 3758
4199 5610
5914 9674
4701 6434
955 6663
1669 6338
2046 2418
8327 2312
1331 5701
8062 1305
7516 8787
4246 6259
5623 3765
9821 5966
4424 9517
1718 6101
3040 3937
7830 9130
7333 5745
1713 2660
1734 1778
5006 6106
3316 3880
6418 5037
7045 1913
4594 5715
963 5469
8774 9791
5661 9815
6347 626
190 2673
8364 8472
3298 3216
7535 5598
9190 4591
504 9644
4408 8467
6266 9528
5091 3070
7751 9439
4437 4988
5442 3313
2661 6061
6298 5904
6701 6715
7257 9774
7149 6644
3959 985
2967 3916
7035 428
7953 5954
8046 6259
4128 9924
3139 4292
6434 5310
818 9242
1667 6867
3954 6629
759 5104
3850 7867
5492 4113
8741 4468
5217 860
4831 1657
667 4874
7646 9436
5867 2572
8664 1798
1882 9225
8824 6139
3697 5319
8128 3029
3327 3275
8645 9189
3922 5932
6490 280
6010 9422
2579 2372
38 2005
7898 8123
8318 1703
818 632
6189 1196
2018 8361
606 8638
8340 8346
1752 8696
6123 1444
5216 2073
8275 767
885 7150
3810 3074
570 1544
723 4555
5714 5226
2860 7552
6454 3999
3510 7552
3055 8412
9077 9489
4313 8690
5505 4110
2645 5471
5482 280
7937 1757
3312 6042
43 3729
1147 4961
2491 5966
470 2733
9043 3608
1990 6728
8676 2016
920 6972
1059 9732
5154 3323
1668 2881
1596 8343
9321 746
2624 4859
4493 6993
7808 2558
6285 5600
4475 9249
6066 2089
1165 7683
557 9706
7407 2016
8331 5842
7971 4683
4916 4443
5625 2453
8684 780
5247 7368
9733 5430
3285 2836
5870 7396
5115 966
718 1017
4061 7677
4365 6921
1585 1252
6849 8714
8377 8008
677 2192
6223 3871
7538 3650
2904 1271
951 326
9020 9702
5507 9811
1493 1770
5397 9075
1367 905
9030 4720
4113 9033
6386 7741
427 4669
2807 8580
4748 1028
2520 5810
3619 1247
1891 3021
9702 6144
6809 5056
7057 7626
6646 2748
8066 3309
7528 7722
5230 4798
5331 8560
690 7712
373 7977
6497 58
4344 9347
7786 6904
5770 8233
7364 7958
9119 3929
3058 6560
2891 1791
9341 7056
4389 8082
9691 5193
5827 42
7195 6577
4614 3172
8869 2183
9225 3759
8405 7926
7452 6720
793 6941
6210 5992
2141 4515
3834 4050
5152 1373
6684 3013
4125 8266
6619 6861
4201 7573
9123 9129
6588 3971
109 5827
781 784
294 4325
3525 2529
7705 9393
4593 2273
8725 8737
2940 3692
4238 3200
8629 948
9255 1336
2971 1191
5735 1202
222 2397
6200 7743
2166 6105
3406 4131
1349 4481
3959 8055
8485 7366
9753 60
5653 1511
8627 105
2163 1012
9573 5709
9641 6671
4662 963
5636 491
9248 5213
6791 6424
3480 5857
5065 915
7439 3377
3422 2370
3232 116
6956 3810
6624 2611
1161 212
2622 7843
8721 4395
9599 2121
1089 6668
5937 7531
7979 8699
1274 525
2750 288
4315 6576
6951 3971
5399 2418
1181 805
8171 2064
3013 158
5628 736
4556 7528
3034 2132
920 3436
5493 1658
5695 981
5705 7411
7611 8749
6647 426
7671 3030
786 5744
1548 8682
3149 6800
9061 8871
4542 8575
3616 3641
9557 3462
3673 8545
4520 7992
371 7668
4463 2953
4787 8946
2499 8685
6233 6354
9497 4112
6020 6070
351 7820
7355 3881
5219 3375
1751 7947
9043 6113
947 1821
1893 4454
4360 4848
3182 4902
9693 9063
7113 7891
9428 1727
3691 5919
7738 4352
4888 8495
2815 6098
1855 2106
6068 3367
2237 3314
7221 7304
9237 9261
104 9203
4649 7735
3802 1427
4763 9464
3132 4735
2423 6241
4064 4591
4671 7909
9394 7208
8909 592
8118 9209
9909 8894
7113 6571
9444 5585
4693 5207
5987 6269
6632 4753
1450 5425
7742 2123
2032 8226
6852 3146
7719 8733
3717 8375
1039 912
8700 8025
2786 3723
6171 8373
3385 3569
9589 2319
5531 7850
5057 4782
4014 4983
151 2517
6259 2291
8831 9427
3131 781
7567 3550
3555 8462
7133 1789
4924 3336
6259 5356
4729 6515
5087 4381
7341 7499
9052 394
4321 5804
8998 9661
1454 1455
4531 5712
7550 8732
8319 2664
9652 1501
9733 1472
3081 6613
2262 4875
3855 5507
6027 9829
7001 7895
5266 7182
4487 4953
5761 8842
2057 9319
3814 3678
6955 8733
9436 215
3129 5042
5112 9530
1178 8113
1521 367
3992 393
6078 8208
593 1250
4002 6978
7437 589
8534 5760
3327 9772
6621 585
4901 3998
5997 2418
82 9064
3162 9799
1596 2042
9346 9009
7411 2082
1596 4993
5500 3473
9752 610
4915 4205
5200 7805
8313 3036
1499 453
7981 6329
8256 9182
1616 1317
7529 2520
1825 6007
8708 7415
7125 5785
891 9507
7735 721
8790 6762
823 7950
5965 3861
4301 329
2800 8474
8257 1557
8965 3679
1746 2294
2283 8474
8673 8653
165 6429
8079 9532
2629 3802
1273 7466
2534 6869
4255 1185
9906 1103
7246 6753
4549 1119
7695 9784
1917 9416
1556 5334
4129 4875
632 3109
4583 5123
4587 2784
4559 4683
3162 3847
5647 1560
1650 3974
8341 673
3051 6451
8301 353
256 1272
1293 6516
1949 3368
6260 3788
2632 8370
6033 4772
6171 6722
67 4546
525 6311
3644 491
6979 8397
2996 9650
5862 6609
4675 2628
6106 5610
5787 2979
8216 8098
3222 9817
2262 3490
3263 5951
5203 9148
2249 134
8593 4191
9012 6468
2392 2046
4933 2010
5415 919
1434 9049
7887 5557
6005 2568
5630 9410
6306 5817
9921 1974
5508 9124
6944 5756
3035 7848
2937 7700
1853 7027
282 7867
17 2485
3027 9420
9021 1689
6871 3419
369 1081
3338 8546
6656 4823
4793 5761
1816 1290
5192 4010
8645 6122
3825 4427
7780 5086
5121 3953
2771 5449
7461 9430
2187 2108
262 6696
9740 3138
2826 7804
6535 9029
8965 4249
4212 7543
9032 7088
1285 378
8470 9679
4561 5252
121 493
9830 9442
7756 9816
9621 2510
4427 2279
6778 1690
8110 8830
6907 2909
4075 2477
9710 9612
1551 4109
8343 2511
6177 4558
7087 5436
7849 1633
2507 3435
3497 2467
3665 5677
4612 7184
6993 3854
7731 3832
4787 6464
4627 4317
9289 391
5133 4925
8411 6749
5410 4240
9442 3646
8127 4531
2931 8725
9611 3872
7538 4543
307 4483
9742 888
4268 4651
9686 1551
3861 9833
3161 4643
9008 1284
6599 9242
1187 1515
2651 363
7115 8907
637 93
4377 3921
3734 5524
830 1492
2331 4472
8667 8147
9857 7667
5001 30
6568 5171
6262 4654
1492 9548
6756 9033
9222 6949
1024 6898
5583 6594
1440 4048
7855 1984
3189 4466
3322 2093
6777 6639
9114 4252
1177 5109
6446 5323
5222 7107
7298 3575
2459 2072
1367 8235
5427 8406
2704 4461
4960 6926
1722 643
7787 8704
3070 2637
9699 1973
6330 559
3839 6739
4917 6466
3032 8839
8087 7625
6912 5161
9287 3323
8262 1260
4285 2382
4656 7907
4038 6496
2993 895
5208 4381
3675 1928
3458 6245
2555 1557
5935 5956
6413 8369
9338 3450
7122 5416
972 4084
8711 2906
341 5066
2273 3787
8774 360
7484 817
9340 7846
3054 4482
5341 9194
1269 8169
9563 4880
2203 9878
7940 813
3252 7859
5202 9723
8976 5874
9399 8810
5697 9504
6560 2509
1279 8726
6331 6593
2737 8987
9540 8686
8 2620
3847 3670
6751 2419
4633 3513
7756 4783
4992 7083
4155 5894
5587 6868
6128 4487
1986 7848
3888 6856
7347 566
2925 5153
7812 3285
1702 37
8787 2334
1444 2052
6057 530
950 9656
5104 6143
5766 4710
381 8723
567 5255
5262 8893
6471 6726
6616 8326
3204 3472
5713 3488
7395 6702
6343 9586
7408 7550
3895 607
2383 9574
9712 7786
5242 6427
6739 9701
3635 7745
6280 1323
181 2101
5904 8415
8514 6159
9232 9662
1909 2196
3313 8854
1223 1676
5957 1721
8118 1313
2701 3314
1697 415
5234 9869
9189 2844
1629 3580
5945 2983
9829 8105
5881 8816
826 889
8951 9564
7363 4973
7449 1348
671 4259
2155 259
4333 5635
6842 989
1237 1961
9214 5777
2728 8400
6617 1498
9827 8550
3513 6789
8186 4698
6332 690
2800 2785
495 6069
4555 8328
6201 1745
1773 3125
8759 7082
5128 3027
3961 9208
1599 2769
5865 5282
2007 2028
7362 7905
5278 846
4135 1931
8187 1496
5544 2135
5989 8442
1502 8633
856 4506
5146 6644
868 841
8630 2055
2414 7774
7318 4796
1972 8668
1798 3988
881 5743
1046 3486
318 9818
3294 678
1030 7357
8377 6352
3305 5887
7621 6824
7970 8776
4904 1470
3435 7735
702 8821
6746 2495
4649 759
7042 1937
2687 3774
3927 5383
8965 7439
8902 819
6754 7636
227 3284
2382 7612
3834 9089
3073 232
2358 1225
6925 8889
2028 4455
8464 3877
5014 6347
7577 5174
3877 6164
374 3368
8456 4329
7948 3656
9850 4736
6436 3293
4316 9148
9124 7456
5396 1942
6592 4393
8573 7545
8853 8732
8070 6024
9768 9166
1901 611
7964 2901
5067 5451
5714 6947
3613 9813
1979 2871
763 2320
6763 5697
1654 7280
451 4670
8954 8589
710 8205
2539 2287
5955 4580
4890 2902
9516 8986
5990 6934
9505 6389
8886 5014
9776 1136
9137 6470
2902 5385
902 4152
6288 1761
2702 7561
3615 3472
9168 3837
9849 6039
741 2198
2802 9727
4419 5697
498 1247
2490 4946
8079 1795
2237 8396
5400 728
5189 3521
58 1096
9663 7740
1528 169
3589 9248
944 6328
8574 9901
3771 9602
9202 1153
7583 1961
3508 6689
2255 3744
5018 5781
1960 1159
802 7447
5676 3502
4817 5519
3799 1403
4967 1086
8966 4475
8111 8302
5231 8005
7950 8065
5999 1424
3820 9048
3515 7567
2404 2357
4546 6912
2703 8578
4200 8482
9495 7644
2002 3204
302 5281
6179 489
3344 2054
4831 6156
7595 5212
7594 7144
6632 5082
6028 920
7520 5366
2593 4579
1177 9134
2075 3936
6668 1125
1939 1215
6849 9
4004 6938
4307 7414
9582 5551
9035 8297
711 7561
1436 8947
5157 7449
3350 8291
3549 6337
4440 671
3458 2270
5283 7849
9394 7758
4199 7163
8050 3964
4681 4403
1807 1977
5814 2095
1066 8968
5861 2567
27 7749
203 696
610 9922
4641 755
1505 1779
8589 2550
9731 680
953 6955
6768 7807
6225 8448
4047 4704
8608 1169
5004 5428
9735 7018
4625 9337
5046 9476
1702 2698
8842 9797
1696 4684
9366 3711
6475 1586
2345 4067
1643 6098
2362 7843
3865 5982
5692 820
7997 1649
1691 9865
8399 2914
760 3249
8309 2302
4307 3600
1296 7646
495 6037
5880 3396
3393 2685
2827 8061
7859 6102
9269 7189
1219 8851
4575 4731
8739 456
7434 2739
7626 3129
1428 2612
6718 6395
4444 356
8487 6697
5103 8283
1034 232
861 9486
4064 2708
6560 144
1407 5878
6376 9773
1560 3163
3385 3196
3151 1520
1264 4503
400 3627
6665 9134
3441 2499
6384 2469
4562 733
6507 3648
1042 8490
4002 1468
4791 5165
1511 4273
7218 3428
2778 1962
5561 4058
271 9825
5701 4030
9716 6305
2664 3159
4147 8668
2679 5665
7412 4215
3995 3222
6839 2204
1863 4201
5164 2890
5732 7182
2493 6502
5235 7426
5871 4135
5529 8405
1562 4521
5379 5925
2246 5009
8475 7199
49 3534
1375 3364
5886 5880
8258 1125
6168 7568
9034 2887
4243 8835
905 9176
3246 6796
6257 2197
3345 8749
6957 1065
3588 8287
9401 306
2192 4468
4014 8909
604 3190
9429 1938
268 1547
2458 9190
583 443
7045 1963
9905 6371
3508 9313
882 9165
5086 953
4125 8660
4726 9662
7588 3028
7174 3347
7353 7426
1470 8777
7721 4900
4600 3262
7656 8122
656 379
7950 791
3459 4840
5213 8598
6822 3529
4004 2049
8741 8410
2218 3502
538 8060
6908 343
5679 8185
9724 4418
3404 575
4695 2894
3566 2371
6050 2467
8086 3068
3133 1725
6900 8786
513 1983
5053 3382
5356 6129
9219 4321
7353 6730
7490 7134
5618 2796
5682 5317
4477 5325
8076 4586
9866 4081
9296 7727
3353 5774
1172 2781
4619 4039
6135 8936
652 6938
2739 4250
5903 8438
3091 9199
5671 6236
7296 1641
4367 427
1547 4935
5577 5680
3251 6576
2502 2407
6742 4019
700 8801
3531 4103
6335 7242
9157 1810
311 6896
5719 3709
6180 8765
220 7537
5296 6499
8790 7122
7273 4350
3243 3111
5246 8514
8147 921
7863 9293
1807 4149
476 1379
4802 6705
4623 5354
9078 2325
745 9206
3836 6169
5100 1230
4463 5901
8302 1855
8127 1110
2416 6830
1805 9763
9691 4638
1769 6841
8267 7000
8784 3714
2569 8381
8218 7332
825 4057
9213 9475
8998 6928
1980 209
4343 7092
779 2951
8754 1645
2640 2306
3991 7832
8447 874
3398 4456
8388 7548
9474 2473
3893 5779
3257 9463
6681 9177
7346 7977
2544 3959
9626 8339
2256 856
9026 3303
2326 4813
9694 2160
7562 3525
8405 4009
1378 1093
2476 8661
7088 32
1127 6110
4442 6818
1202 644
4354 4146
9532 4322
8961 5536
9439 7422
4010 4162
8602 9888
8466 5056
4480 9210
3745 8463
6353 3888
8148 6815
9306 5831
6299 8234
5738 9812
1789 2388
574 6661
841 2179
9310 9926
2454 9791
7408 5082
9038 9541
8381 6735
886 404
7985 3786
4908 7819
4397 1513
7775 5896
6489 6628
2325 2921
4411 3828
5477 9155
1700 3237
6774 8013
4670 3370
6588 1389
8122 317
7398 3482
6918 932
357 6438
6446 5755
2287 6661
5203 6605
3249 1196
4436 9871
8669 5505
5072 312
4244 166
1499 9542
102 6220
8944 1949
4539 5957
6111 7173
1920 788
5192 5218
5172 6648
8013 8164
3808 9597
6398 4451
5341 7161
4509 14
8424 7730
5164 8265
1039 8129
65 7897
7664 5220
1670 9744
462 5781
8321 3584
6580 8508
2171 1420
3095 6246
209 6274
399 1186
8226 4114
431 423
7696 2747
2422 5002
8672 630
5030 7532
8782 2345
3933 9381
4262 4833
5098 4541
8466 332
1425 5784
4209 2803
2230 9147
5723 7943
8329 3715
1234 4955
2575 6661
4587 8313
7154 6318
5670 9809
1113 2128
4249 6768
5307 2678
2192 9547
2690 6354
3503 2091
2925 1857
9064 345
3218 1185
4570 6625
2906 2692
4339 2698
2445 2867
8632 660
3686 347
5313 565
6981 6940
2785 8666
6084 4686
476 4878
8307 1028
1073 6962
6869 5469
6384 3000
5139 8463
6711 2389
592 3927
5579 564
5648 2291
9551 8008
3463 5916
3998 3435
1086 6949
7974 6099
8485 2876
3474 7110
5294 5112
8239 4845
8765 9216
3731 1503
1227 6392
3766 5513
7445 2501
9573 4148
8491 2055
7393 4647
1796 8134
6202 5994
5764 5376
4702 2217
6271 3325
2872 4096
3631 6972
1798 3652
159 597
7628 9318
3884 4517
5136 5301
1444 8722
838 9620
4446 8706
6712 1965
8464 2876
9025 176
165 5330
4365 8309
1375 7473
5466 363
3572 223
1637 694
5759 4168
2472 4864
8631 4117
4594 6461
951 5288
3402 2440
6872 3799
2610 115
2959 4084
2190 327
3928 5320
7179 876
7460 1273
8613 1294
6291 252
1821 9236
340 2231
6416 2423
3676 8575
6301 8215
541 1448
1931 1349
2146 1370
4426 8733
5709 4004
8204 1671
8368 4174
3527 7769
7435 3502
6705 2879
8825 3284
251 5912
9535 8315
237 6680
3801 9482
7561 5226
5760 6118
4712 2965
3999 2959
3290 7069
6230 7713
9380 5944
4380 2756
9205 5505
9791 7025
6698 3338
1974 6972
5258 112
7696 5384
2975 8068
8862 1448
1544 1921
9749 5110
2548 8940
2982 139
7559 6745
1747 5429
374 238
3364 5052
7006 4335
22 9904
4570 8842
6598 1965
1738 9681
7014 403
1006 8233
8046 5971
5096 8390
5574 3545
7029 7982
8431 9134
7549 7584
6463 8944
1695 5067
9314 414
9725 3388
7075 855
7447 1452
1945 2638
1490 1546
4521 6555
6610 5333
9209 8180
5434 9737
2354 481
1769 5931
81 5947
4559 6385
4904 1074
3403 4876
2172 7113
4867 2691
4593 5685
6744 1952
2076 2665
2905 5778
3923 3122
2834 1918
2216 3119
6736 3174
1997 216
2717 8706
6205 3526
5577 455
3662 6621
8630 9701
1881 6085
626 7458
1697 938
2389 9508
6789 2604
7088 2673
8316 3128
2439 6049
4767 7301
9446 4541
1398 3022
8268 3689
2121 3508
4594 2273
9639 6359
8043 3302
250 2090
3664 6601
3559 9077
2014 6167
9451 5941
9560 5917
4148 7899
7700 2955
5935 6163
7093 4202
3792 3386
5638 8887
817 4917
788 9832
2054 887
9685 1853
6839 1946
810 6061
7604 401
8903 6843
2434 6967
4180 4161
8055 1490
5293 7348
2064 821
3058 6548
6535 9168
3490 4799
9861 6408
7586 8828
1810 2975
8169 5333
1314 878
5556 3761
1645 1253
6365 2498
5188 1804
3204 5018
3336 6070
9818 1569
3292 1440
4277 252
5483 3749
400 8135
5740 6096
193 5505
69 8143
9494 3312
1994 9667
5159 8073
7410 6488
2858 5598
1759 3513
2462 3151
2213 4371
7461 5938
9332 5002
2732 5591
5532 1654
2432 7139
7993 2233
1209 7456
5779 6164
2666 8389
1904 9015
7553 5853
7684 5193
3407 1182
6474 3404
5231 8463
1005 9926
7379 5786
590 6251
6457 6913
7490 3548
1559 320
2596 4290
8968 956
4783 3870
6530 4081
3057 3392
1637 4828
4791 7911
2606 3598
9304 141
638 129
3589 1943
7723 9317
6643 3895
8902 145
96 9060
3030 4264
7238 1861
6006 5160
6060 6207
8277 7201
386 4899
1033 4278
9698 5703
3195 8641
1217 1460
357 5622
4642 7144
657 2431
4687 3734
2742 2454
5072 3638
9100 4702
703 289
8989 8573
2069 9542
5375 5037
7420 8905
1421 345
4620 8642
8277 3804
8099 6044
9029 114
3083 3574
6893 2395
6690 4217
5861 1400
4816 2971
5153 9196
1744 2867
1823 4217
1648 7907
4776 7311
7699 2243
774 4680
6744 5550
6413 2592
1458 5769
5623 5582
6859 2400
6736 6690
264 9745
6931 7825
6456 7598
1242 534
9092 6697
3131 2086
3843 6538
4324 1683
3345 1096
5230 3836
5121 3703
4575 6227
5225 440
7668 2026
1730 1745
7793 3661
8975 8092
9849 5490
2312 1036
140 7587
2666 5540
3177 7107
4075 8548
9206 3984
490 3266
1267 5023
253 9017
7457 5942
8782 8338
9918 6887
43 6587
9367 822
3821 8124
2746 576
9674 5679
8833 3920
3274 5372
5969 6920
5290 5764
483 5834
4818 8172
940 2468
4297 1721
7589 4823
8225 4171
9354 7679
5019 8136
7127 1802
8806 9745
1278 5791
460 5487
2709 7263
2410 9147
2310 5165
3708 1608
4342 3175
3549 8736
3652 4054
7376 9429
8640 893
3055 9028
8053 3117
2453 5922
1342 5887
6841 5998
8778 6156
7501 4184
5558 8168
2762 9450
3250 6767
9375 5607
2348 3231
6448 3415
9764 9423
9245 2181
1436 9323
8004 1363
5684 3040
6574 1638
2699 3077
2527 6243
7206 2026
7816 566
3570 6652
6329 1997
9874 2215
4735 2188
1483 3393
9807 7647
4541 5953
1705 7415
191 4551
1836 4004
1964 3945
7015 6688
5148 7814
5180 2174
5477 1143
9177 2031
3428 8650
7418 9785
5479 4131
8658 7169
9914 8488
4741 2829
2534 1219
6587 2680
3038 2828
4255 3728
6513 3818
6182 899
8727 7594
9190 8026
8636 7572
4466 9600
9083 8757
2396 5951
3422 9054
1920 7212
6538 9785
3597 5504
1603 9330
7511 4303
8409 7734
5933 3591
6721 4095
4932 7239
2353 2918
8150 2523
8123 3311
2824 4622
201 1427
8708 1583
3327 6832
2684 7569
1775 4594
1786 9038
8513 3131
5082 7960
5389 5764
476 8533
2194 5380
9499 9463
6051 5604
5914 8636
3996 5996
6719 7858
601 4898
8830 1845
321 3577
2678 4460
3845 7701
8630 219
890 645
2928 1252
4537 8939
7389 659
1206 846
4773 9758
7444 8432
6742 8992
1925 1209
6869 2295
3441 592
6185 8752
1612 223
2603 7517
4712 8096
2026 8194
4199 1527
480 6510
9319 9732
8012 2158
295 7810
4021 8910
1838 2493
8795 1243
8520 6703
7562 3876
3204 7170
7977 7409
6987 6368
5326 8226
4385 3033
6919 2887
2861 7434
