421 151 1000000
182 222
284 114
43 63
407 231
287 124
221 185
231 64
299 20
242 260
356 110
189 371
235 103
94 316
205 183
293 149
271 378
286 134
195 380
38 163
351 274
240 295
34 119
251 301
288 259
79 157
37 216
261 210
301 400
275 12
381 114
53 408
308 329
167 265
126 277
28 130
413 154
384 73
341 63
306 64
417 58
4 41
93 309
361 363
281 147
143 216
334 166
325 307
120 196
203 318
301 3
296 143
110 420
272 190
388 230
340 281
144 301
61 405
19 132
413 303
360 349
287 221
241 343
212 11
318 23
364 119
328 346
142 217
416 214
388 77
92 108
365 212
394 416
177 358
20 87
326 277
46 381
170 115
100 371
182 70
155 153
41 194
386 297
232 318
274 342
7 33
115 411
254 294
164 58
383 295
344 312
231 17
254 207
106 381
406 101
71 124
309 231
183 265
323 416
198 299
46 105
180 56
238 387
211 323
43 231
328 142
229 112
101 100
207 5
43 303
81 29
42 302
409 90
268 151
93 53
95 236
397 90
403 208
300 228
173 281
259 233
153 353
362 231
84 18
306 270
398 80
238 276
110 280
199 226
328 377
298 175
322 111
414 77
304 199
135 256
181 206
110 388
273 299
197 160
104 219
258 249
305 89
137 417
310 78
146 94
259 305
185 264
38 14
343 217
262 271
89 207
335 347
