659 809 1000000
10 444
531 17
171 645
637 282
141 97
227 598
173 606
476 201
145 548
24 149
497 390
133 360
524 289
343 97
325 635
648 256
524 478
568 622
17 415
324 193
271 389
586 555
111 134
657 624
373 39
327 429
596 618
333 50
653 245
570 357
50 590
30 613
621 422
429 110
97 570
356 203
531 479
511 373
151 456
475 394
203 307
298 92
227 618
605 211
69 596
351 105
619 263
344 73
283 51
612 211
486 75
473 175
506 647
426 298
522 17
529 79
381 422
226 547
212 635
63 580
383 307
585 42
57 477
15 288
539 571
157 86
650 494
397 138
565 473
185 374
404 9
146 130
74 557
648 66
353 141
422 241
276 250
269 285
309 156
659 171
172 139
249 306
244 439
564 468
429 459
178 552
572 393
301 450
22 603
514 409
285 109
76 224
277 507
139 551
389 399
305 195
336 640
357 255
283 331
635 156
158 46
412 628
546 112
269 340
93 460
599 92
282 393
524 365
431 585
184 189
58 104
179 508
221 555
389 151
286 539
255 325
401 474
593 155
95 490
549 424
234 249
301 231
341 647
571 552
85 75
147 599
164 568
600 305
43 633
575 495
90 364
61 59
252 242
415 231
606 492
282 54
326 92
154 536
349 104
622 387
102 193
338 259
263 346
647 289
109 125
187 350
70 279
166 315
213 161
48 447
341 247
494 270
543 430
271 535
178 610
248 187
428 159
181 326
379 620
62 140
318 190
245 652
171 313
536 267
367 597
349 283
495 387
190 317
18 521
511 575
314 364
3 317
473 497
638 277
350 424
590 11
383 344
29 348
248 276
300 477
338 588
462 95
343 131
658 263
226 629
500 262
578 544
68 297
270 305
644 424
625 42
234 140
362 153
434 500
73 233
578 338
396 63
107 612
592 552
340 213
351 210
15 23
48 387
605 308
306 525
61 5
402 5
382 216
647 218
18 610
240 569
598 309
429 131
470 573
137 120
273 659
604 39
108 290
94 636
506 221
496 339
588 523
171 95
560 631
145 607
81 68
29 583
615 285
369 92
462 358
48 50
188 310
164 4
206 116
14 374
417 464
238 527
588 41
481 442
546 64
110 628
497 193
515 33
486 394
30 435
603 334
390 374
288 277
33 423
186 480
422 132
243 78
618 17
166 180
197 565
616 485
44 37
386 116
37 79
517 260
125 530
526 25
108 584
227 86
162 412
517 298
507 79
625 272
69 586
343 91
399 433
465 488
290 641
351 242
275 434
358 61
374 488
204 227
658 373
593 637
224 456
283 257
546 302
234 617
251 247
19 444
324 471
512 599
365 640
21 304
309 89
569 30
210 296
638 500
222 416
522 60
149 513
595 2
33 44
375 324
601 70
221 58
474 374
334 511
613 90
609 266
395 345
418 198
323 449
227 234
607 467
150 6
336 268
104 562
324 42
624 652
237 360
545 541
204 46
482 439
397 244
620 13
470 539
455 190
594 41
526 162
87 585
648 619
455 404
269 518
583 573
166 224
60 240
443 367
93 50
370 60
585 205
22 389
95 233
530 238
197 340
339 152
287 261
23 489
133 369
464 451
446 437
386 307
175 636
619 109
480 437
473 434
29 2
659 410
443 281
466 111
142 261
588 77
649 454
127 8
222 366
308 349
168 182
393 142
483 470
168 411
366 220
27 255
635 620
265 572
302 384
114 240
654 441
568 535
470 81
389 217
129 248
331 292
574 231
104 77
392 402
467 205
178 326
426 344
363 621
186 639
529 632
275 371
275 194
288 428
94 634
32 642
507 156
615 476
359 252
274 530
385 376
101 611
467 228
428 369
105 55
245 649
51 46
148 390
554 436
47 194
287 616
51 4
46 157
190 377
595 41
599 548
550 559
163 119
144 407
265 119
502 510
477 372
407 21
401 26
432 170
295 187
640 583
181 170
145 101
242 149
515 66
511 419
484 406
193 430
86 528
61 273
254 600
544 131
523 36
49 258
457 148
124 447
381 232
43 382
120 304
335 62
35 31
62 2
102 190
85 558
353 179
490 254
628 464
465 237
472 387
33 493
575 319
456 119
114 370
22 518
486 79
623 591
322 521
236 23
394 495
61 556
330 217
594 624
239 480
649 347
21 493
487 425
129 659
615 242
656 398
311 82
29 360
513 282
361 397
22 38
480 319
357 369
401 257
92 539
363 588
42 62
270 193
26 90
464 170
641 294
63 210
182 30
428 583
605 385
566 427
468 581
530 462
234 523
223 82
82 260
143 38
305 491
140 352
400 645
351 93
310 609
319 529
462 80
125 93
484 616
226 439
655 532
312 302
105 482
416 372
240 569
169 172
409 237
542 232
219 334
286 439
415 257
612 236
400 193
588 480
139 606
480 184
644 243
292 170
653 419
212 405
368 81
25 294
391 362
288 40
124 160
542 44
564 343
136 308
3 564
584 611
227 36
194 575
448 56
87 402
403 185
555 598
393 143
303 87
384 377
524 268
409 489
609 117
566 325
71 622
232 117
491 27
113 539
589 166
494 166
650 179
85 166
77 502
293 469
422 38
159 481
649 368
257 293
242 124
540 491
522 500
252 590
522 77
202 605
631 356
583 475
273 277
311 523
382 259
292 191
375 186
121 171
442 643
34 216
122 213
234 582
108 150
66 638
66 152
304 570
233 334
86 37
617 546
148 446
167 637
158 104
556 509
583 547
43 50
20 393
323 347
410 304
318 149
52 44
48 138
162 632
206 183
240 303
367 380
618 98
234 105
144 547
92 512
154 519
243 650
65 409
173 491
382 326
187 429
170 452
345 179
298 33
124 585
434 269
327 506
488 338
637 361
211 575
443 417
79 206
300 516
460 61
619 613
137 273
1 600
409 452
479 208
117 510
343 6
621 565
591 614
439 397
444 307
92 498
230 393
30 364
198 371
488 269
108 503
253 478
489 66
255 115
106 282
625 656
287 641
325 311
282 589
374 619
415 128
517 159
113 140
51 102
522 143
16 456
156 173
159 559
70 410
102 299
193 454
142 343
384 15
527 571
358 383
247 15
622 324
372 162
291 341
466 165
388 126
199 164
616 169
182 240
268 19
245 504
196 455
594 192
433 572
507 105
494 339
49 181
366 353
234 354
335 88
561 383
31 168
347 285
431 655
100 596
165 554
272 401
37 231
180 184
567 52
424 369
562 21
415 185
153 399
328 55
254 250
71 455
507 318
122 379
135 177
2 526
619 471
451 187
256 120
567 202
25 576
269 435
542 298
235 9
125 154
597 642
550 519
490 229
423 296
537 71
333 181
653 332
620 134
572 229
16 38
546 46
127 555
108 535
246 369
387 86
215 300
302 545
404 178
651 573
522 529
647 144
38 639
327 207
48 171
6 138
96 213
129 415
426 343
436 284
42 348
286 637
35 257
654 416
131 627
504 449
12 302
60 490
422 286
563 195
420 226
90 11
227 356
562 331
289 582
258 183
402 8
394 126
626 550
135 157
380 420
513 574
656 184
400 135
437 195
15 310
186 618
640 402
439 66
85 60
598 13
93 309
233 126
594 145
334 551
561 621
610 77
631 373
193 497
148 358
596 182
2 144
444 213
136 357
382 171
218 578
278 290
388 475
215 67
96 425
479 383
359 56
509 516
516 68
336 234
197 82
206 618
190 406
50 274
443 347
46 653
