10000 12345 5000000
1 2
1 3
1 2
1 4
1 5
1 3
1 6
1 7
1 8
1 9
1 2
1 10
1 11
1 12
1 13
1 14
1 15
1 16
1 17
1 4
1 18
1 19
1 20
1 21
1 22
1 23
1 24
1 25
1 26
1 27
1 28
1 29
1 30
1 31
1 32
1 33
1 5
1 34
1 35
1 36
1 37
1 38
1 39
1 40
1 41
1 42
1 43
1 44
1 45
1 46
1 47
1 48
1 49
1 50
1 51
1 52
1 53
1 54
1 55
1 56
1 57
1 58
1 59
1 60
1 61
1 62
1 63
1 64
1 65
1 3
1 66
1 67
1 68
1 69
1 70
1 71
1 72
1 73
1 74
1 75
1 76
1 77
1 78
1 79
1 80
1 81
1 82
1 83
1 84
1 85
1 86
1 87
1 88
1 89
1 90
1 91
1 92
1 93
1 94
1 95
1 96
1 97
1 98
1 99
1 100
1 101
1 102
1 103
1 104
1 105
1 106
1 107
1 108
1 109
1 110
1 111
1 112
1 113
1 114
1 115
1 116
1 117
1 118
1 119
1 120
1 121
1 122
1 123
1 124
1 125
1 126
1 127
1 128
1 129
1 6
1 130
1 131
1 132
1 133
1 134
1 135
1 136
1 137
1 138
1 139
1 140
1 141
1 142
1 143
1 144
1 145
1 146
1 147
1 148
1 149
1 150
1 151
1 152
1 153
1 154
1 155
1 156
1 157
1 158
1 159
1 160
1 161
1 162
1 163
1 164
1 165
1 166
1 167
1 168
1 169
1 170
1 171
1 172
1 173
1 174
1 175
1 176
1 177
1 178
1 179
1 180
1 181
1 182
1 183
1 184
1 185
1 186
1 187
1 188
1 189
1 190
1 191
1 192
1 193
1 194
1 195
1 196
1 197
1 198
1 199
1 200
1 201
1 202
1 203
1 204
1 205
1 206
1 207
1 208
1 209
1 210
1 211
1 212
1 213
1 214
1 215
1 216
1 217
1 218
1 219
1 220
1 221
1 222
1 223
1 224
1 225
1 226
1 227
1 228
1 229
1 230
1 231
1 232
1 233
1 234
1 235
1 236
1 237
1 238
1 239
1 240
1 241
1 242
1 243
1 244
1 245
1 246
1 247
1 248
1 249
1 250
1 251
1 252
1 253
1 254
1 255
1 256
1 257
1 7
1 258
1 259
1 260
1 261
1 262
1 263
1 264
1 265
1 266
1 267
1 268
1 269
1 270
1 271
1 272
1 273
1 274
1 275
1 276
1 277
1 278
1 279
1 280
1 281
1 282
1 283
1 284
1 285
1 286
1 287
1 288
1 289
1 290
1 291
1 292
1 293
1 294
1 295
1 296
1 297
1 298
1 299
1 300
1 301
1 302
1 303
1 304
1 305
1 306
1 307
1 308
1 309
1 310
1 311
1 312
1 313
1 314
1 315
1 316
1 317
1 318
1 319
1 320
1 321
1 322
1 323
1 324
1 325
1 326
1 327
1 328
1 329
1 330
1 331
1 332
1 333
1 334
1 335
1 336
1 337
1 338
1 339
1 340
1 341
1 342
1 343
1 344
1 345
1 346
1 347
1 348
1 349
1 350
1 351
1 352
1 353
1 354
1 355
1 356
1 357
1 358
1 359
1 360
1 361
1 362
1 363
1 364
1 365
1 366
1 367
1 368
1 369
1 370
1 371
1 372
1 373
1 374
1 375
1 376
1 377
1 378
1 379
1 380
1 381
1 382
1 383
1 384
1 385
1 386
1 387
1 388
1 389
1 390
1 391
1 392
1 393
1 394
1 395
1 396
1 397
1 398
1 399
1 400
1 401
1 402
1 403
1 404
1 405
1 406
1 407
1 408
1 409
1 410
1 411
1 412
1 413
1 414
1 415
1 416
1 417
1 418
1 419
1 420
1 421
1 422
1 423
1 424
1 425
1 426
1 427
1 428
1 429
1 430
1 431
1 432
1 433
1 434
1 435
1 436
1 437
1 438
1 439
1 440
1 441
1 442
1 443
1 444
1 445
1 446
1 447
1 448
1 449
1 450
1 451
1 452
1 453
1 454
1 455
1 456
1 457
1 458
1 459
1 460
1 461
1 462
1 463
1 464
1 465
1 466
1 467
1 468
1 469
1 470
1 471
1 472
1 473
1 474
1 475
1 476
1 477
1 478
1 479
1 480
1 481
1 482
1 483
1 484
1 485
1 486
1 487
1 488
1 489
1 490
1 491
1 492
1 493
1 494
1 495
1 496
1 497
1 498
1 499
1 500
1 501
1 502
1 503
1 504
1 505
1 506
1 507
1 508
1 509
1 510
1 511
1 512
1 513
1 8
1 514
1 515
1 516
1 517
1 518
1 519
1 520
1 521
1 522
1 523
1 524
1 525
1 526
1 527
1 528
1 529
1 530
1 531
1 532
1 533
1 534
1 535
1 536
1 537
1 538
1 539
1 540
1 541
1 542
1 543
1 544
1 545
1 546
1 547
1 548
1 549
1 550
1 551
1 552
1 553
1 554
1 555
1 556
1 557
1 558
1 559
1 560
1 561
1 562
1 563
1 564
1 565
1 566
1 567
1 568
1 569
1 570
1 571
1 572
1 573
1 574
1 575
1 576
1 577
1 578
1 579
1 580
1 581
1 582
1 583
1 584
1 585
1 586
1 587
1 588
1 589
1 590
1 591
1 592
1 593
1 594
1 595
1 596
1 597
1 598
1 599
1 600
1 601
1 602
1 603
1 604
1 605
1 606
1 607
1 608
1 609
1 610
1 611
1 612
1 613
1 614
1 615
1 616
1 617
1 618
1 619
1 620
1 621
1 622
1 623
1 624
1 625
1 626
1 627
1 628
1 629
1 630
1 631
1 632
1 633
1 634
1 635
1 636
1 637
1 638
1 639
1 640
1 641
1 642
1 643
1 644
1 645
1 646
1 647
1 648
1 649
1 650
1 651
1 652
1 653
1 654
1 655
1 656
1 657
1 658
1 659
1 660
1 661
1 662
1 663
1 664
1 665
1 666
1 667
1 668
1 669
1 670
1 671
1 672
1 673
1 674
1 675
1 676
1 677
1 678
1 679
1 680
1 681
1 682
1 683
1 684
1 685
1 686
1 687
1 688
1 689
1 690
1 691
1 692
1 693
1 694
1 695
1 696
1 697
1 698
1 699
1 700
1 701
1 702
1 703
1 704
1 705
1 706
1 707
1 708
1 709
1 710
1 711
1 712
1 713
1 714
1 715
1 716
1 717
1 718
1 719
1 720
1 721
1 722
1 723
1 724
1 725
1 726
1 727
1 728
1 729
1 730
1 731
1 732
1 733
1 734
1 735
1 736
1 737
1 738
1 739
1 740
1 741
1 742
1 743
1 744
1 745
1 746
1 747
1 748
1 749
1 750
1 751
1 752
1 753
1 754
1 755
1 756
1 757
1 758
1 759
1 760
1 761
1 762
1 763
1 764
1 765
1 766
1 767
1 768
1 769
1 770
1 771
1 772
1 773
1 774
1 775
1 776
1 777
1 778
1 779
1 780
1 781
1 782
1 783
1 784
1 785
1 786
1 787
1 788
1 789
1 790
1 791
1 792
1 793
1 794
1 795
1 796
1 797
1 798
1 799
1 800
1 801
1 802
1 803
1 804
1 805
1 806
1 807
1 808
1 809
1 810
1 811
1 812
1 813
1 814
1 815
1 816
1 817
1 818
1 819
1 820
1 821
1 822
1 823
1 824
1 825
1 826
1 827
1 828
1 829
1 830
1 831
1 832
1 833
1 834
1 835
1 836
1 837
1 838
1 839
1 840
1 841
1 842
1 843
1 844
1 845
1 846
1 847
1 848
1 849
1 850
1 851
1 852
1 853
1 854
1 855
1 856
1 857
1 858
1 859
1 860
1 861
1 862
1 863
1 864
1 865
1 866
1 867
1 868
1 869
1 870
1 871
1 872
1 873
1 874
1 875
1 876
1 877
1 878
1 879
1 880
1 881
1 882
1 883
1 884
1 885
1 886
1 887
1 888
1 889
1 890
1 891
1 892
1 893
1 894
1 895
1 896
1 897
1 898
1 899
1 900
1 901
1 902
1 903
1 904
1 905
1 906
1 907
1 908
1 909
1 910
1 911
1 912
1 913
1 914
1 915
1 916
1 917
1 918
1 919
1 920
1 921
1 922
1 923
1 924
1 925
1 926
1 927
1 928
1 929
1 930
1 931
1 932
1 933
1 934
1 935
1 936
1 937
1 938
1 939
1 940
1 941
1 942
1 943
1 944
1 945
1 946
1 947
1 948
1 949
1 950
1 951
1 952
1 953
1 954
1 955
1 956
1 957
1 958
1 959
1 960
1 961
1 962
1 963
1 964
1 965
1 966
1 967
1 968
1 969
1 970
1 971
1 972
1 973
1 974
1 975
1 976
1 977
1 978
1 979
1 980
1 981
1 982
1 983
1 984
1 985
1 986
1 987
1 988
1 989
1 990
1 991
1 992
1 993
1 994
1 995
1 996
1 997
1 998
1 999
1 1000
1 1001
1 1002
1 1003
1 1004
1 1005
1 1006
1 1007
1 1008
1 1009
1 1010
1 1011
1 1012
1 1013
1 1014
1 1015
1 1016
1 1017
1 1018
1 1019
1 1020
1 1021
1 1022
1 1023
1 1024
1 1025
1 9
1 1026
1 1027
1 1028
1 1029
1 1030
1 1031
1 1032
1 1033
1 1034
1 1035
1 1036
1 1037
1 1038
1 1039
1 1040
1 1041
1 1042
1 1043
1 1044
1 1045
1 1046
1 1047
1 1048
1 1049
1 1050
1 1051
1 1052
1 1053
1 1054
1 1055
1 1056
1 1057
1 1058
1 1059
1 1060
1 1061
1 1062
1 1063
1 1064
1 1065
1 1066
1 1067
1 1068
1 1069
1 1070
1 1071
1 1072
1 1073
1 1074
1 1075
1 1076
1 1077
1 1078
1 1079
1 1080
1 1081
1 1082
1 1083
1 1084
1 1085
1 1086
1 1087
1 1088
1 1089
1 1090
1 1091
1 1092
1 1093
1 1094
1 1095
1 1096
1 1097
1 1098
1 1099
1 1100
1 1101
1 1102
1 1103
1 1104
1 1105
1 1106
1 1107
1 1108
1 1109
1 1110
1 1111
1 1112
1 1113
1 1114
1 1115
1 1116
1 1117
1 1118
1 1119
1 1120
1 1121
1 1122
1 1123
1 1124
1 1125
1 1126
1 1127
1 1128
1 1129
1 1130
1 1131
1 1132
1 1133
1 1134
1 1135
1 1136
1 1137
1 1138
1 1139
1 1140
1 1141
1 1142
1 1143
1 1144
1 1145
1 1146
1 1147
1 1148
1 1149
1 1150
1 1151
1 1152
1 1153
1 1154
1 1155
1 1156
1 1157
1 1158
1 1159
1 1160
1 1161
1 1162
1 1163
1 1164
1 1165
1 1166
1 1167
1 1168
1 1169
1 1170
1 1171
1 1172
1 1173
1 1174
1 1175
1 1176
1 1177
1 1178
1 1179
1 1180
1 1181
1 1182
1 1183
1 1184
1 1185
1 1186
1 1187
1 1188
1 1189
1 1190
1 1191
1 1192
1 1193
1 1194
1 1195
1 1196
1 1197
1 1198
1 1199
1 1200
1 1201
1 1202
1 1203
1 1204
1 1205
1 1206
1 1207
1 1208
1 1209
1 1210
1 1211
1 1212
1 1213
1 1214
1 1215
1 1216
1 1217
1 1218
1 1219
1 1220
1 1221
1 1222
1 1223
1 1224
1 1225
1 1226
1 1227
1 1228
1 1229
1 1230
1 1231
1 1232
1 1233
1 1234
1 1235
1 1236
1 1237
1 1238
1 1239
1 1240
1 1241
1 1242
1 1243
1 1244
1 1245
1 1246
1 1247
1 1248
1 1249
1 1250
1 1251
1 1252
1 1253
1 1254
1 1255
1 1256
1 1257
1 1258
1 1259
1 1260
1 1261
1 1262
1 1263
1 1264
1 1265
1 1266
1 1267
1 1268
1 1269
1 1270
1 1271
1 1272
1 1273
1 1274
1 1275
1 1276
1 1277
1 1278
1 1279
1 1280
1 1281
1 1282
1 1283
1 1284
1 1285
1 1286
1 1287
1 1288
1 1289
1 1290
1 1291
1 1292
1 1293
1 1294
1 1295
1 1296
1 1297
1 1298
1 1299
1 1300
1 1301
1 1302
1 1303
1 1304
1 1305
1 1306
1 1307
1 1308
1 1309
1 1310
1 1311
1 1312
1 1313
1 1314
1 1315
1 1316
1 1317
1 1318
1 1319
1 1320
1 1321
1 1322
1 1323
1 1324
1 1325
1 1326
1 1327
1 1328
1 1329
1 1330
1 1331
1 1332
1 1333
1 1334
1 1335
1 1336
1 1337
1 1338
1 1339
1 1340
1 1341
1 1342
1 1343
1 1344
1 1345
1 1346
1 1347
1 1348
1 1349
1 1350
1 1351
1 1352
1 1353
1 1354
1 1355
1 1356
1 1357
1 1358
1 1359
1 1360
1 1361
1 1362
1 1363
1 1364
1 1365
1 1366
1 1367
1 1368
1 1369
1 1370
1 1371
1 1372
1 1373
1 1374
1 1375
1 1376
1 1377
1 1378
1 1379
1 1380
1 1381
1 1382
1 1383
1 1384
1 1385
1 1386
1 1387
1 1388
1 1389
1 1390
1 1391
1 1392
1 1393
1 1394
1 1395
1 1396
1 1397
1 1398
1 1399
1 1400
1 1401
1 1402
1 1403
1 1404
1 1405
1 1406
1 1407
1 1408
1 1409
1 1410
1 1411
1 1412
1 1413
1 1414
1 1415
1 1416
1 1417
1 1418
1 1419
1 1420
1 1421
1 1422
1 1423
1 1424
1 1425
1 1426
1 1427
1 1428
1 1429
1 1430
1 1431
1 1432
1 1433
1 1434
1 1435
1 1436
1 1437
1 1438
1 1439
1 1440
1 1441
1 1442
1 1443
1 1444
1 1445
1 1446
1 1447
1 1448
1 1449
1 1450
1 1451
1 1452
1 1453
1 1454
1 1455
1 1456
1 1457
1 1458
1 1459
1 1460
1 1461
1 1462
1 1463
1 1464
1 1465
1 1466
1 1467
1 1468
1 1469
1 1470
1 1471
1 1472
1 1473
1 1474
1 1475
1 1476
1 1477
1 1478
1 1479
1 1480
1 1481
1 1482
1 1483
1 1484
1 1485
1 1486
1 1487
1 1488
1 1489
1 1490
1 1491
1 1492
1 1493
1 1494
1 1495
1 1496
1 1497
1 1498
1 1499
1 1500
1 1501
1 1502
1 1503
1 1504
1 1505
1 1506
1 1507
1 1508
1 1509
1 1510
1 1511
1 1512
1 1513
1 1514
1 1515
1 1516
1 1517
1 1518
1 1519
1 1520
1 1521
1 1522
1 1523
1 1524
1 1525
1 1526
1 1527
1 1528
1 1529
1 1530
1 1531
1 1532
1 1533
1 1534
1 1535
1 1536
1 1537
1 1538
1 1539
1 1540
1 1541
1 1542
1 1543
1 1544
1 1545
1 1546
1 1547
1 1548
1 1549
1 1550
1 1551
1 1552
1 1553
1 1554
1 1555
1 1556
1 1557
1 1558
1 1559
1 1560
1 1561
1 1562
1 1563
1 1564
1 1565
1 1566
1 1567
1 1568
1 1569
1 1570
1 1571
1 1572
1 1573
1 1574
1 1575
1 1576
1 1577
1 1578
1 1579
1 1580
1 1581
1 1582
1 1583
1 1584
1 1585
1 1586
1 1587
1 1588
1 1589
1 1590
1 1591
1 1592
1 1593
1 1594
1 1595
1 1596
1 1597
1 1598
1 1599
1 1600
1 1601
1 1602
1 1603
1 1604
1 1605
1 1606
1 1607
1 1608
1 1609
1 1610
1 1611
1 1612
1 1613
1 1614
1 1615
1 1616
1 1617
1 1618
1 1619
1 1620
1 1621
1 1622
1 1623
1 1624
1 1625
1 1626
1 1627
1 1628
1 1629
1 1630
1 1631
1 1632
1 1633
1 1634
1 1635
1 1636
1 1637
1 1638
1 1639
1 1640
1 1641
1 1642
1 1643
1 1644
1 1645
1 1646
1 1647
1 1648
1 1649
1 1650
1 1651
1 1652
1 1653
1 1654
1 1655
1 1656
1 1657
1 1658
1 1659
1 1660
1 1661
1 1662
1 1663
1 1664
1 1665
1 1666
1 1667
1 1668
1 1669
1 1670
1 1671
1 1672
1 1673
1 1674
1 1675
1 1676
1 1677
1 1678
1 1679
1 1680
1 1681
1 1682
1 1683
1 1684
1 1685
1 1686
1 1687
1 1688
1 1689
1 1690
1 1691
1 1692
1 1693
1 1694
1 1695
1 1696
1 1697
1 1698
1 1699
1 1700
1 1701
1 1702
1 1703
1 1704
1 1705
1 1706
1 1707
1 1708
1 1709
1 1710
1 1711
1 1712
1 1713
1 1714
1 1715
1 1716
1 1717
1 1718
1 1719
1 1720
1 1721
1 1722
1 1723
1 1724
1 1725
1 1726
1 1727
1 1728
1 1729
1 1730
1 1731
1 1732
1 1733
1 1734
1 1735
1 1736
1 1737
1 1738
1 1739
1 1740
1 1741
1 1742
1 1743
1 1744
1 1745
1 1746
1 1747
1 1748
1 1749
1 1750
1 1751
1 1752
1 1753
1 1754
1 1755
1 1756
1 1757
1 1758
1 1759
1 1760
1 1761
1 1762
1 1763
1 1764
1 1765
1 1766
1 1767
1 1768
1 1769
1 1770
1 1771
1 1772
1 1773
1 1774
1 1775
1 1776
1 1777
1 1778
1 1779
1 1780
1 1781
1 1782
1 1783
1 1784
1 1785
1 1786
1 1787
1 1788
1 1789
1 1790
1 1791
1 1792
1 1793
1 1794
1 1795
1 1796
1 1797
1 1798
1 1799
1 1800
1 1801
1 1802
1 1803
1 1804
1 1805
1 1806
1 1807
1 1808
1 1809
1 1810
1 1811
1 1812
1 1813
1 1814
1 1815
1 1816
1 1817
1 1818
1 1819
1 1820
1 1821
1 1822
1 1823
1 1824
1 1825
1 1826
1 1827
1 1828
1 1829
1 1830
1 1831
1 1832
1 1833
1 1834
1 1835
1 1836
1 1837
1 1838
1 1839
1 1840
1 1841
1 1842
1 1843
1 1844
1 1845
1 1846
1 1847
1 1848
1 1849
1 1850
1 1851
1 1852
1 1853
1 1854
1 1855
1 1856
1 1857
1 1858
1 1859
1 1860
1 1861
1 1862
1 1863
1 1864
1 1865
1 1866
1 1867
1 1868
1 1869
1 1870
1 1871
1 1872
1 1873
1 1874
1 1875
1 1876
1 1877
1 1878
1 1879
1 1880
1 1881
1 1882
1 1883
1 1884
1 1885
1 1886
1 1887
1 1888
1 1889
1 1890
1 1891
1 1892
1 1893
1 1894
1 1895
1 1896
1 1897
1 1898
1 1899
1 1900
1 1901
1 1902
1 1903
1 1904
1 1905
1 1906
1 1907
1 1908
1 1909
1 1910
1 1911
1 1912
1 1913
1 1914
1 1915
1 1916
1 1917
1 1918
1 1919
1 1920
1 1921
1 1922
1 1923
1 1924
1 1925
1 1926
1 1927
1 1928
1 1929
1 1930
1 1931
1 1932
1 1933
1 1934
1 1935
1 1936
1 1937
1 1938
1 1939
1 1940
1 1941
1 1942
1 1943
1 1944
1 1945
1 1946
1 1947
1 1948
1 1949
1 1950
1 1951
1 1952
1 1953
1 1954
1 1955
1 1956
1 1957
1 1958
1 1959
1 1960
1 1961
1 1962
1 1963
1 1964
1 1965
1 1966
1 1967
1 1968
1 1969
1 1970
1 1971
1 1972
1 1973
1 1974
1 1975
1 1976
1 1977
1 1978
1 1979
1 1980
1 1981
1 1982
1 1983
1 1984
1 1985
1 1986
1 1987
1 1988
1 1989
1 1990
1 1991
1 1992
1 1993
1 1994
1 1995
1 1996
1 1997
1 1998
1 1999
1 2000
1 2001
1 2002
1 2003
1 2004
1 2005
1 2006
1 2007
1 2008
1 2009
1 2010
1 2011
1 2012
1 2013
1 2014
1 2015
1 2016
1 2017
1 2018
1 2019
1 2020
1 2021
1 2022
1 2023
1 2024
1 2025
1 2026
1 2027
1 2028
1 2029
1 2030
1 2031
1 2032
1 2033
1 2034
1 2035
1 2036
1 2037
1 2038
1 2039
1 2040
1 2041
1 2042
1 2043
1 2044
1 2045
1 2046
1 2047
1 2048
1 2049
1 2
1 2050
1 2051
1 2052
1 2053
1 2054
1 2055
1 2056
1 2057
1 2058
1 2059
1 2060
1 2061
1 2062
1 2063
1 2064
1 2065
1 2066
1 2067
1 2068
1 2069
1 2070
1 2071
1 2072
1 2073
1 2074
1 2075
1 2076
1 2077
1 2078
1 2079
1 2080
1 2081
1 2082
1 2083
1 2084
1 2085
1 2086
1 2087
1 2088
1 2089
1 2090
1 2091
1 2092
1 2093
1 2094
1 2095
1 2096
1 2097
1 2098
1 2099
1 2100
1 2101
1 2102
1 2103
1 2104
1 2105
1 2106
1 2107
1 2108
1 2109
1 2110
1 2111
1 2112
1 2113
1 2114
1 2115
1 2116
1 2117
1 2118
1 2119
1 2120
1 2121
1 2122
1 2123
1 2124
1 2125
1 2126
1 2127
1 2128
1 2129
1 2130
1 2131
1 2132
1 2133
1 2134
1 2135
1 2136
1 2137
1 2138
1 2139
1 2140
1 2141
1 2142
1 2143
1 2144
1 2145
1 2146
1 2147
1 2148
1 2149
1 2150
1 2151
1 2152
1 2153
1 2154
1 2155
1 2156
1 2157
1 2158
1 2159
1 2160
1 2161
1 2162
1 2163
1 2164
1 2165
1 2166
1 2167
1 2168
1 2169
1 2170
1 2171
1 2172
1 2173
1 2174
1 2175
1 2176
1 2177
1 2178
1 2179
1 2180
1 2181
1 2182
1 2183
1 2184
1 2185
1 2186
1 2187
1 2188
1 2189
1 2190
1 2191
1 2192
1 2193
1 2194
1 2195
1 2196
1 2197
1 2198
1 2199
1 2200
1 2201
1 2202
1 2203
1 2204
1 2205
1 2206
1 2207
1 2208
1 2209
1 2210
1 2211
1 2212
1 2213
1 2214
1 2215
1 2216
1 2217
1 2218
1 2219
1 2220
1 2221
1 2222
1 2223
1 2224
1 2225
1 2226
1 2227
1 2228
1 2229
1 2230
1 2231
1 2232
1 2233
1 2234
1 2235
1 2236
1 2237
1 2238
1 2239
1 2240
1 2241
1 2242
1 2243
1 2244
1 2245
1 2246
1 2247
1 2248
1 2249
1 2250
1 2251
1 2252
1 2253
1 2254
1 2255
1 2256
1 2257
1 2258
1 2259
1 2260
1 2261
1 2262
1 2263
1 2264
1 2265
1 2266
1 2267
1 2268
1 2269
1 2270
1 2271
1 2272
1 2273
1 2274
1 2275
1 2276
1 2277
1 2278
1 2279
1 2280
1 2281
1 2282
1 2283
1 2284
1 2285
1 2286
1 2287
1 2288
1 2289
1 2290
1 2291
1 2292
1 2293
1 2294
1 2295
1 2296
1 2297
1 2298
1 2299
1 2300
1 2301
1 2302
1 2303
1 2304
1 2305
1 2306
1 2307
1 2308
1 2309
1 2310
1 2311
1 2312
1 2313
1 2314
1 2315
1 2316
1 2317
1 2318
1 2319
1 2320
1 2321
1 2322
1 2323
1 2324
1 2325
1 2326
1 2327
1 2328
1 2329
1 2330
1 2331
1 2332
1 2333
1 2334
1 2335
1 2336
1 2337
1 2338
1 2339
1 2340
1 2341
1 2342
1 2343
1 2344
1 2345
1 2346
1 2347
1 2348
1 2349
1 2350
1 2351
1 2352
1 2353
1 2354
1 2355
1 2356
1 2357
1 2358
1 2359
1 2360
1 2361
1 2362
1 2363
1 2364
1 2365
1 2366
1 2367
1 2368
1 2369
1 2370
1 2371
1 2372
1 2373
1 2374
1 2375
1 2376
1 2377
1 2378
1 2379
1 2380
1 2381
1 2382
1 2383
1 2384
1 2385
1 2386
1 2387
1 2388
1 2389
1 2390
1 2391
1 2392
1 2393
1 2394
1 2395
1 2396
1 2397
1 2398
1 2399
1 2400
1 2401
1 2402
1 2403
1 2404
1 2405
1 2406
1 2407
1 2408
1 2409
1 2410
1 2411
1 2412
1 2413
1 2414
1 2415
1 2416
1 2417
1 2418
1 2419
1 2420
1 2421
1 2422
1 2423
1 2424
1 2425
1 2426
1 2427
1 2428
1 2429
1 2430
1 2431
1 2432
1 2433
1 2434
1 2435
1 2436
1 2437
1 2438
1 2439
1 2440
1 2441
1 2442
1 2443
1 2444
1 2445
1 2446
1 2447
1 2448
1 2449
1 2450
1 2451
1 2452
1 2453
1 2454
1 2455
1 2456
1 2457
1 2458
1 2459
1 2460
1 2461
1 2462
1 2463
1 2464
1 2465
1 2466
1 2467
1 2468
1 2469
1 2470
1 2471
1 2472
1 2473
1 2474
1 2475
1 2476
1 2477
1 2478
1 2479
1 2480
1 2481
1 2482
1 2483
1 2484
1 2485
1 2486
1 2487
1 2488
1 2489
1 2490
1 2491
1 2492
1 2493
1 2494
1 2495
1 2496
1 2497
1 2498
1 2499
1 2500
1 2501
1 2502
1 2503
1 2504
1 2505
1 2506
1 2507
1 2508
1 2509
1 2510
1 2511
1 2512
1 2513
1 2514
1 2515
1 2516
1 2517
1 2518
1 2519
1 2520
1 2521
1 2522
1 2523
1 2524
1 2525
1 2526
1 2527
1 2528
1 2529
1 2530
1 2531
1 2532
1 2533
1 2534
1 2535
1 2536
1 2537
1 2538
1 2539
1 2540
1 2541
1 2542
1 2543
1 2544
1 2545
1 2546
1 2547
1 2548
1 2549
1 2550
1 2551
1 2552
1 2553
1 2554
1 2555
1 2556
1 2557
1 2558
1 2559
1 2560
1 2561
1 2562
1 2563
1 2564
1 2565
1 2566
1 2567
1 2568
1 2569
1 2570
1 2571
1 2572
1 2573
1 2574
1 2575
1 2576
1 2577
1 2578
1 2579
1 2580
1 2581
1 2582
1 2583
1 2584
1 2585
1 2586
1 2587
1 2588
1 2589
1 2590
1 2591
1 2592
1 2593
1 2594
1 2595
1 2596
1 2597
1 2598
1 2599
1 2600
1 2601
1 2602
1 2603
1 2604
1 2605
1 2606
1 2607
1 2608
1 2609
1 2610
1 2611
1 2612
1 2613
1 2614
1 2615
1 2616
1 2617
1 2618
1 2619
1 2620
1 2621
1 2622
1 2623
1 2624
1 2625
1 2626
1 2627
1 2628
1 2629
1 2630
1 2631
1 2632
1 2633
1 2634
1 2635
1 2636
1 2637
1 2638
1 2639
1 2640
1 2641
1 2642
1 2643
1 2644
1 2645
1 2646
1 2647
1 2648
1 2649
1 2650
1 2651
1 2652
1 2653
1 2654
1 2655
1 2656
1 2657
1 2658
1 2659
1 2660
1 2661
1 2662
1 2663
1 2664
1 2665
1 2666
1 2667
1 2668
1 2669
1 2670
1 2671
1 2672
1 2673
1 2674
1 2675
1 2676
1 2677
1 2678
1 2679
1 2680
1 2681
1 2682
1 2683
1 2684
1 2685
1 2686
1 2687
1 2688
1 2689
1 2690
1 2691
1 2692
1 2693
1 2694
1 2695
1 2696
1 2697
1 2698
1 2699
1 2700
1 2701
1 2702
1 2703
1 2704
1 2705
1 2706
1 2707
1 2708
1 2709
1 2710
1 2711
1 2712
1 2713
1 2714
1 2715
1 2716
1 2717
1 2718
1 2719
1 2720
1 2721
1 2722
1 2723
1 2724
1 2725
1 2726
1 2727
1 2728
1 2729
1 2730
1 2731
1 2732
1 2733
1 2734
1 2735
1 2736
1 2737
1 2738
1 2739
1 2740
1 2741
1 2742
1 2743
1 2744
1 2745
1 2746
1 2747
1 2748
1 2749
1 2750
1 2751
1 2752
1 2753
1 2754
1 2755
1 2756
1 2757
1 2758
1 2759
1 2760
1 2761
1 2762
1 2763
1 2764
1 2765
1 2766
1 2767
1 2768
1 2769
1 2770
1 2771
1 2772
1 2773
1 2774
1 2775
1 2776
1 2777
1 2778
1 2779
1 2780
1 2781
1 2782
1 2783
1 2784
1 2785
1 2786
1 2787
1 2788
1 2789
1 2790
1 2791
1 2792
1 2793
1 2794
1 2795
1 2796
1 2797
1 2798
1 2799
1 2800
1 2801
1 2802
1 2803
1 2804
1 2805
1 2806
1 2807
1 2808
1 2809
1 2810
1 2811
1 2812
1 2813
1 2814
1 2815
1 2816
1 2817
1 2818
1 2819
1 2820
1 2821
1 2822
1 2823
1 2824
1 2825
1 2826
1 2827
1 2828
1 2829
1 2830
1 2831
1 2832
1 2833
1 2834
1 2835
1 2836
1 2837
1 2838
1 2839
1 2840
1 2841
1 2842
1 2843
1 2844
1 2845
1 2846
1 2847
1 2848
1 2849
1 2850
1 2851
1 2852
1 2853
1 2854
1 2855
1 2856
1 2857
1 2858
1 2859
1 2860
1 2861
1 2862
1 2863
1 2864
1 2865
1 2866
1 2867
1 2868
1 2869
1 2870
1 2871
1 2872
1 2873
1 2874
1 2875
1 2876
1 2877
1 2878
1 2879
1 2880
1 2881
1 2882
1 2883
1 2884
1 2885
1 2886
1 2887
1 2888
1 2889
1 2890
1 2891
1 2892
1 2893
1 2894
1 2895
1 2896
1 2897
1 2898
1 2899
1 2900
1 2901
1 2902
1 2903
1 2904
1 2905
1 2906
1 2907
1 2908
1 2909
1 2910
1 2911
1 2912
1 2913
1 2914
1 2915
1 2916
1 2917
1 2918
1 2919
1 2920
1 2921
1 2922
1 2923
1 2924
1 2925
1 2926
1 2927
1 2928
1 2929
1 2930
1 2931
1 2932
1 2933
1 2934
1 2935
1 2936
1 2937
1 2938
1 2939
1 2940
1 2941
1 2942
1 2943
1 2944
1 2945
1 2946
1 2947
1 2948
1 2949
1 2950
1 2951
1 2952
1 2953
1 2954
1 2955
1 2956
1 2957
1 2958
1 2959
1 2960
1 2961
1 2962
1 2963
1 2964
1 2965
1 2966
1 2967
1 2968
1 2969
1 2970
1 2971
1 2972
1 2973
1 2974
1 2975
1 2976
1 2977
1 2978
1 2979
1 2980
1 2981
1 2982
1 2983
1 2984
1 2985
1 2986
1 2987
1 2988
1 2989
1 2990
1 2991
1 2992
1 2993
1 2994
1 2995
1 2996
1 2997
1 2998
1 2999
1 3000
1 3001
1 3002
1 3003
1 3004
1 3005
1 3006
1 3007
1 3008
1 3009
1 3010
1 3011
1 3012
1 3013
1 3014
1 3015
1 3016
1 3017
1 3018
1 3019
1 3020
1 3021
1 3022
1 3023
1 3024
1 3025
1 3026
1 3027
1 3028
1 3029
1 3030
1 3031
1 3032
1 3033
1 3034
1 3035
1 3036
1 3037
1 3038
1 3039
1 3040
1 3041
1 3042
1 3043
1 3044
1 3045
1 3046
1 3047
1 3048
1 3049
1 3050
1 3051
1 3052
1 3053
1 3054
1 3055
1 3056
1 3057
1 3058
1 3059
1 3060
1 3061
1 3062
1 3063
1 3064
1 3065
1 3066
1 3067
1 3068
1 3069
1 3070
1 3071
1 3072
1 3073
1 3074
1 3075
1 3076
1 3077
1 3078
1 3079
1 3080
1 3081
1 3082
1 3083
1 3084
1 3085
1 3086
1 3087
1 3088
1 3089
1 3090
1 3091
1 3092
1 3093
1 3094
1 3095
1 3096
1 3097
1 3098
1 3099
1 3100
1 3101
1 3102
1 3103
1 3104
1 3105
1 3106
1 3107
1 3108
1 3109
1 3110
1 3111
1 3112
1 3113
1 3114
1 3115
1 3116
1 3117
1 3118
1 3119
1 3120
1 3121
1 3122
1 3123
1 3124
1 3125
1 3126
1 3127
1 3128
1 3129
1 3130
1 3131
1 3132
1 3133
1 3134
1 3135
1 3136
1 3137
1 3138
1 3139
1 3140
1 3141
1 3142
1 3143
1 3144
1 3145
1 3146
1 3147
1 3148
1 3149
1 3150
1 3151
1 3152
1 3153
1 3154
1 3155
1 3156
1 3157
1 3158
1 3159
1 3160
1 3161
1 3162
1 3163
1 3164
1 3165
1 3166
1 3167
1 3168
1 3169
1 3170
1 3171
1 3172
1 3173
1 3174
1 3175
1 3176
1 3177
1 3178
1 3179
1 3180
1 3181
1 3182
1 3183
1 3184
1 3185
1 3186
1 3187
1 3188
1 3189
1 3190
1 3191
1 3192
1 3193
1 3194
1 3195
1 3196
1 3197
1 3198
1 3199
1 3200
1 3201
1 3202
1 3203
1 3204
1 3205
1 3206
1 3207
1 3208
1 3209
1 3210
1 3211
1 3212
1 3213
1 3214
1 3215
1 3216
1 3217
1 3218
1 3219
1 3220
1 3221
1 3222
1 3223
1 3224
1 3225
1 3226
1 3227
1 3228
1 3229
1 3230
1 3231
1 3232
1 3233
1 3234
1 3235
1 3236
1 3237
1 3238
1 3239
1 3240
1 3241
1 3242
1 3243
1 3244
1 3245
1 3246
1 3247
1 3248
1 3249
1 3250
1 3251
1 3252
1 3253
1 3254
1 3255
1 3256
1 3257
1 3258
1 3259
1 3260
1 3261
1 3262
1 3263
1 3264
1 3265
1 3266
1 3267
1 3268
1 3269
1 3270
1 3271
1 3272
1 3273
1 3274
1 3275
1 3276
1 3277
1 3278
1 3279
1 3280
1 3281
1 3282
1 3283
1 3284
1 3285
1 3286
1 3287
1 3288
1 3289
1 3290
1 3291
1 3292
1 3293
1 3294
1 3295
1 3296
1 3297
1 3298
1 3299
1 3300
1 3301
1 3302
1 3303
1 3304
1 3305
1 3306
1 3307
1 3308
1 3309
1 3310
1 3311
1 3312
1 3313
1 3314
1 3315
1 3316
1 3317
1 3318
1 3319
1 3320
1 3321
1 3322
1 3323
1 3324
1 3325
1 3326
1 3327
1 3328
1 3329
1 3330
1 3331
1 3332
1 3333
1 3334
1 3335
1 3336
1 3337
1 3338
1 3339
1 3340
1 3341
1 3342
1 3343
1 3344
1 3345
1 3346
1 3347
1 3348
1 3349
1 3350
1 3351
1 3352
1 3353
1 3354
1 3355
1 3356
1 3357
1 3358
1 3359
1 3360
1 3361
1 3362
1 3363
1 3364
1 3365
1 3366
1 3367
1 3368
1 3369
1 3370
1 3371
1 3372
1 3373
1 3374
1 3375
1 3376
1 3377
1 3378
1 3379
1 3380
1 3381
1 3382
1 3383
1 3384
1 3385
1 3386
1 3387
1 3388
1 3389
1 3390
1 3391
1 3392
1 3393
1 3394
1 3395
1 3396
1 3397
1 3398
1 3399
1 3400
1 3401
1 3402
1 3403
1 3404
1 3405
1 3406
1 3407
1 3408
1 3409
1 3410
1 3411
1 3412
1 3413
1 3414
1 3415
1 3416
1 3417
1 3418
1 3419
1 3420
1 3421
1 3422
1 3423
1 3424
1 3425
1 3426
1 3427
1 3428
1 3429
1 3430
1 3431
1 3432
1 3433
1 3434
1 3435
1 3436
1 3437
1 3438
1 3439
1 3440
1 3441
1 3442
1 3443
1 3444
1 3445
1 3446
1 3447
1 3448
1 3449
1 3450
1 3451
1 3452
1 3453
1 3454
1 3455
1 3456
1 3457
1 3458
1 3459
1 3460
1 3461
1 3462
1 3463
1 3464
1 3465
1 3466
1 3467
1 3468
1 3469
1 3470
1 3471
1 3472
1 3473
1 3474
1 3475
1 3476
1 3477
1 3478
1 3479
1 3480
1 3481
1 3482
1 3483
1 3484
1 3485
1 3486
1 3487
1 3488
1 3489
1 3490
1 3491
1 3492
1 3493
1 3494
1 3495
1 3496
1 3497
1 3498
1 3499
1 3500
1 3501
1 3502
1 3503
1 3504
1 3505
1 3506
1 3507
1 3508
1 3509
1 3510
1 3511
1 3512
1 3513
1 3514
1 3515
1 3516
1 3517
1 3518
1 3519
1 3520
1 3521
1 3522
1 3523
1 3524
1 3525
1 3526
1 3527
1 3528
1 3529
1 3530
1 3531
1 3532
1 3533
1 3534
1 3535
1 3536
1 3537
1 3538
1 3539
1 3540
1 3541
1 3542
1 3543
1 3544
1 3545
1 3546
1 3547
1 3548
1 3549
1 3550
1 3551
1 3552
1 3553
1 3554
1 3555
1 3556
1 3557
1 3558
1 3559
1 3560
1 3561
1 3562
1 3563
1 3564
1 3565
1 3566
1 3567
1 3568
1 3569
1 3570
1 3571
1 3572
1 3573
1 3574
1 3575
1 3576
1 3577
1 3578
1 3579
1 3580
1 3581
1 3582
1 3583
1 3584
1 3585
1 3586
1 3587
1 3588
1 3589
1 3590
1 3591
1 3592
1 3593
1 3594
1 3595
1 3596
1 3597
1 3598
1 3599
1 3600
1 3601
1 3602
1 3603
1 3604
1 3605
1 3606
1 3607
1 3608
1 3609
1 3610
1 3611
1 3612
1 3613
1 3614
1 3615
1 3616
1 3617
1 3618
1 3619
1 3620
1 3621
1 3622
1 3623
1 3624
1 3625
1 3626
1 3627
1 3628
1 3629
1 3630
1 3631
1 3632
1 3633
1 3634
1 3635
1 3636
1 3637
1 3638
1 3639
1 3640
1 3641
1 3642
1 3643
1 3644
1 3645
1 3646
1 3647
1 3648
1 3649
1 3650
1 3651
1 3652
1 3653
1 3654
1 3655
1 3656
1 3657
1 3658
1 3659
1 3660
1 3661
1 3662
1 3663
1 3664
1 3665
1 3666
1 3667
1 3668
1 3669
1 3670
1 3671
1 3672
1 3673
1 3674
1 3675
1 3676
1 3677
1 3678
1 3679
1 3680
1 3681
1 3682
1 3683
1 3684
1 3685
1 3686
1 3687
1 3688
1 3689
1 3690
1 3691
1 3692
1 3693
1 3694
1 3695
1 3696
1 3697
1 3698
1 3699
1 3700
1 3701
1 3702
1 3703
1 3704
1 3705
1 3706
1 3707
1 3708
1 3709
1 3710
1 3711
1 3712
1 3713
1 3714
1 3715
1 3716
1 3717
1 3718
1 3719
1 3720
1 3721
1 3722
1 3723
1 3724
1 3725
1 3726
1 3727
1 3728
1 3729
1 3730
1 3731
1 3732
1 3733
1 3734
1 3735
1 3736
1 3737
1 3738
1 3739
1 3740
1 3741
1 3742
1 3743
1 3744
1 3745
1 3746
1 3747
1 3748
1 3749
1 3750
1 3751
1 3752
1 3753
1 3754
1 3755
1 3756
1 3757
1 3758
1 3759
1 3760
1 3761
1 3762
1 3763
1 3764
1 3765
1 3766
1 3767
1 3768
1 3769
1 3770
1 3771
1 3772
1 3773
1 3774
1 3775
1 3776
1 3777
1 3778
1 3779
1 3780
1 3781
1 3782
1 3783
1 3784
1 3785
1 3786
1 3787
1 3788
1 3789
1 3790
1 3791
1 3792
1 3793
1 3794
1 3795
1 3796
1 3797
1 3798
1 3799
1 3800
1 3801
1 3802
1 3803
1 3804
1 3805
1 3806
1 3807
1 3808
1 3809
1 3810
1 3811
1 3812
1 3813
1 3814
1 3815
1 3816
1 3817
1 3818
1 3819
1 3820
1 3821
1 3822
1 3823
1 3824
1 3825
1 3826
1 3827
1 3828
1 3829
1 3830
1 3831
1 3832
1 3833
1 3834
1 3835
1 3836
1 3837
1 3838
1 3839
1 3840
1 3841
1 3842
1 3843
1 3844
1 3845
1 3846
1 3847
1 3848
1 3849
1 3850
1 3851
1 3852
1 3853
1 3854
1 3855
1 3856
1 3857
1 3858
1 3859
1 3860
1 3861
1 3862
1 3863
1 3864
1 3865
1 3866
1 3867
1 3868
1 3869
1 3870
1 3871
1 3872
1 3873
1 3874
1 3875
1 3876
1 3877
1 3878
1 3879
1 3880
1 3881
1 3882
1 3883
1 3884
1 3885
1 3886
1 3887
1 3888
1 3889
1 3890
1 3891
1 3892
1 3893
1 3894
1 3895
1 3896
1 3897
1 3898
1 3899
1 3900
1 3901
1 3902
1 3903
1 3904
1 3905
1 3906
1 3907
1 3908
1 3909
1 3910
1 3911
1 3912
1 3913
1 3914
1 3915
1 3916
1 3917
1 3918
1 3919
1 3920
1 3921
1 3922
1 3923
1 3924
1 3925
1 3926
1 3927
1 3928
1 3929
1 3930
1 3931
1 3932
1 3933
1 3934
1 3935
1 3936
1 3937
1 3938
1 3939
1 3940
1 3941
1 3942
1 3943
1 3944
1 3945
1 3946
1 3947
1 3948
1 3949
1 3950
1 3951
1 3952
1 3953
1 3954
1 3955
1 3956
1 3957
1 3958
1 3959
1 3960
1 3961
1 3962
1 3963
1 3964
1 3965
1 3966
1 3967
1 3968
1 3969
1 3970
1 3971
1 3972
1 3973
1 3974
1 3975
1 3976
1 3977
1 3978
1 3979
1 3980
1 3981
1 3982
1 3983
1 3984
1 3985
1 3986
1 3987
1 3988
1 3989
1 3990
1 3991
1 3992
1 3993
1 3994
1 3995
1 3996
1 3997
1 3998
1 3999
1 4000
1 4001
1 4002
1 4003
1 4004
1 4005
1 4006
1 4007
1 4008
1 4009
1 4010
1 4011
1 4012
1 4013
1 4014
1 4015
1 4016
1 4017
1 4018
1 4019
1 4020
1 4021
1 4022
1 4023
1 4024
1 4025
1 4026
1 4027
1 4028
1 4029
1 4030
1 4031
1 4032
1 4033
1 4034
1 4035
1 4036
1 4037
1 4038
1 4039
1 4040
1 4041
1 4042
1 4043
1 4044
1 4045
1 4046
1 4047
1 4048
1 4049
1 4050
1 4051
1 4052
1 4053
1 4054
1 4055
1 4056
1 4057
1 4058
1 4059
1 4060
1 4061
1 4062
1 4063
1 4064
1 4065
1 4066
1 4067
1 4068
1 4069
1 4070
1 4071
1 4072
1 4073
1 4074
1 4075
1 4076
1 4077
1 4078
1 4079
1 4080
1 4081
1 4082
1 4083
1 4084
1 4085
1 4086
1 4087
1 4088
1 4089
1 4090
1 4091
1 4092
1 4093
1 4094
1 4095
1 4096
1 4097
1 10
1 4098
1 4099
1 4100
1 4101
1 4102
1 4103
1 4104
1 4105
1 4106
1 4107
1 4108
1 4109
1 4110
1 4111
1 4112
1 4113
1 4114
1 4115
1 4116
1 4117
1 4118
1 4119
1 4120
1 4121
1 4122
1 4123
1 4124
1 4125
1 4126
1 4127
1 4128
1 4129
1 4130
1 4131
1 4132
1 4133
1 4134
1 4135
1 4136
1 4137
1 4138
1 4139
1 4140
1 4141
1 4142
1 4143
1 4144
1 4145
1 4146
1 4147
1 4148
1 4149
1 4150
1 4151
1 4152
1 4153
1 4154
1 4155
1 4156
1 4157
1 4158
1 4159
1 4160
1 4161
1 4162
1 4163
1 4164
1 4165
1 4166
1 4167
1 4168
1 4169
1 4170
1 4171
1 4172
1 4173
1 4174
1 4175
1 4176
1 4177
1 4178
1 4179
1 4180
1 4181
1 4182
1 4183
1 4184
1 4185
1 4186
1 4187
1 4188
1 4189
1 4190
1 4191
1 4192
1 4193
1 4194
1 4195
1 4196
1 4197
1 4198
1 4199
1 4200
1 4201
1 4202
1 4203
1 4204
1 4205
1 4206
1 4207
1 4208
1 4209
1 4210
1 4211
1 4212
1 4213
1 4214
1 4215
1 4216
1 4217
1 4218
1 4219
1 4220
1 4221
1 4222
1 4223
1 4224
1 4225
1 4226
1 4227
1 4228
1 4229
1 4230
1 4231
1 4232
1 4233
1 4234
1 4235
1 4236
1 4237
1 4238
1 4239
1 4240
1 4241
1 4242
1 4243
1 4244
1 4245
1 4246
1 4247
1 4248
1 4249
1 4250
1 4251
1 4252
1 4253
1 4254
1 4255
1 4256
1 4257
1 4258
1 4259
1 4260
1 4261
1 4262
1 4263
1 4264
1 4265
1 4266
1 4267
1 4268
1 4269
1 4270
1 4271
1 4272
1 4273
1 4274
1 4275
1 4276
1 4277
1 4278
1 4279
1 4280
1 4281
1 4282
1 4283
1 4284
1 4285
1 4286
1 4287
1 4288
1 4289
1 4290
1 4291
1 4292
1 4293
1 4294
1 4295
1 4296
1 4297
1 4298
1 4299
1 4300
1 4301
1 4302
1 4303
1 4304
1 4305
1 4306
1 4307
1 4308
1 4309
1 4310
1 4311
1 4312
1 4313
1 4314
1 4315
1 4316
1 4317
1 4318
1 4319
1 4320
1 4321
1 4322
1 4323
1 4324
1 4325
1 4326
1 4327
1 4328
1 4329
1 4330
1 4331
1 4332
1 4333
1 4334
1 4335
1 4336
1 4337
1 4338
1 4339
1 4340
1 4341
1 4342
1 4343
1 4344
1 4345
1 4346
1 4347
1 4348
1 4349
1 4350
1 4351
1 4352
1 4353
1 4354
1 4355
1 4356
1 4357
1 4358
1 4359
1 4360
1 4361
1 4362
1 4363
1 4364
1 4365
1 4366
1 4367
1 4368
1 4369
1 4370
1 4371
1 4372
1 4373
1 4374
1 4375
1 4376
1 4377
1 4378
1 4379
1 4380
1 4381
1 4382
1 4383
1 4384
1 4385
1 4386
1 4387
1 4388
1 4389
1 4390
1 4391
1 4392
1 4393
1 4394
1 4395
1 4396
1 4397
1 4398
1 4399
1 4400
1 4401
1 4402
1 4403
1 4404
1 4405
1 4406
1 4407
1 4408
1 4409
1 4410
1 4411
1 4412
1 4413
1 4414
1 4415
1 4416
1 4417
1 4418
1 4419
1 4420
1 4421
1 4422
1 4423
1 4424
1 4425
1 4426
1 4427
1 4428
1 4429
1 4430
1 4431
1 4432
1 4433
1 4434
1 4435
1 4436
1 4437
1 4438
1 4439
1 4440
1 4441
1 4442
1 4443
1 4444
1 4445
1 4446
1 4447
1 4448
1 4449
1 4450
1 4451
1 4452
1 4453
1 4454
1 4455
1 4456
1 4457
1 4458
1 4459
1 4460
1 4461
1 4462
1 4463
1 4464
1 4465
1 4466
1 4467
1 4468
1 4469
1 4470
1 4471
1 4472
1 4473
1 4474
1 4475
1 4476
1 4477
1 4478
1 4479
1 4480
1 4481
1 4482
1 4483
1 4484
1 4485
1 4486
1 4487
1 4488
1 4489
1 4490
1 4491
1 4492
1 4493
1 4494
1 4495
1 4496
1 4497
1 4498
1 4499
1 4500
1 4501
1 4502
1 4503
1 4504
1 4505
1 4506
1 4507
1 4508
1 4509
1 4510
1 4511
1 4512
1 4513
1 4514
1 4515
1 4516
1 4517
1 4518
1 4519
1 4520
1 4521
1 4522
1 4523
1 4524
1 4525
1 4526
1 4527
1 4528
1 4529
1 4530
1 4531
1 4532
1 4533
1 4534
1 4535
1 4536
1 4537
1 4538
1 4539
1 4540
1 4541
1 4542
1 4543
1 4544
1 4545
1 4546
1 4547
1 4548
1 4549
1 4550
1 4551
1 4552
1 4553
1 4554
1 4555
1 4556
1 4557
1 4558
1 4559
1 4560
1 4561
1 4562
1 4563
1 4564
1 4565
1 4566
1 4567
1 4568
1 4569
1 4570
1 4571
1 4572
1 4573
1 4574
1 4575
1 4576
1 4577
1 4578
1 4579
1 4580
1 4581
1 4582
1 4583
1 4584
1 4585
1 4586
1 4587
1 4588
1 4589
1 4590
1 4591
1 4592
1 4593
1 4594
1 4595
1 4596
1 4597
1 4598
1 4599
1 4600
1 4601
1 4602
1 4603
1 4604
1 4605
1 4606
1 4607
1 4608
1 4609
1 4610
1 4611
1 4612
1 4613
1 4614
1 4615
1 4616
1 4617
1 4618
1 4619
1 4620
1 4621
1 4622
1 4623
1 4624
1 4625
1 4626
1 4627
1 4628
1 4629
1 4630
1 4631
1 4632
1 4633
1 4634
1 4635
1 4636
1 4637
1 4638
1 4639
1 4640
1 4641
1 4642
1 4643
1 4644
1 4645
1 4646
1 4647
1 4648
1 4649
1 4650
1 4651
1 4652
1 4653
1 4654
1 4655
1 4656
1 4657
1 4658
1 4659
1 4660
1 4661
1 4662
1 4663
1 4664
1 4665
1 4666
1 4667
1 4668
1 4669
1 4670
1 4671
1 4672
1 4673
1 4674
1 4675
1 4676
1 4677
1 4678
1 4679
1 4680
1 4681
1 4682
1 4683
1 4684
1 4685
1 4686
1 4687
1 4688
1 4689
1 4690
1 4691
1 4692
1 4693
1 4694
1 4695
1 4696
1 4697
1 4698
1 4699
1 4700
1 4701
1 4702
1 4703
1 4704
1 4705
1 4706
1 4707
1 4708
1 4709
1 4710
1 4711
1 4712
1 4713
1 4714
1 4715
1 4716
1 4717
1 4718
1 4719
1 4720
1 4721
1 4722
1 4723
1 4724
1 4725
1 4726
1 4727
1 4728
1 4729
1 4730
1 4731
1 4732
1 4733
1 4734
1 4735
1 4736
1 4737
1 4738
1 4739
1 4740
1 4741
1 4742
1 4743
1 4744
1 4745
1 4746
1 4747
1 4748
1 4749
1 4750
1 4751
1 4752
1 4753
1 4754
1 4755
1 4756
1 4757
1 4758
1 4759
1 4760
1 4761
1 4762
1 4763
1 4764
1 4765
1 4766
1 4767
1 4768
1 4769
1 4770
1 4771
1 4772
1 4773
1 4774
1 4775
1 4776
1 4777
1 4778
1 4779
1 4780
1 4781
1 4782
1 4783
1 4784
1 4785
1 4786
1 4787
1 4788
1 4789
1 4790
1 4791
1 4792
1 4793
1 4794
1 4795
1 4796
1 4797
1 4798
1 4799
1 4800
1 4801
1 4802
1 4803
1 4804
1 4805
1 4806
1 4807
1 4808
1 4809
1 4810
1 4811
1 4812
1 4813
1 4814
1 4815
1 4816
1 4817
1 4818
1 4819
1 4820
1 4821
1 4822
1 4823
1 4824
1 4825
1 4826
1 4827
1 4828
1 4829
1 4830
1 4831
1 4832
1 4833
1 4834
1 4835
1 4836
1 4837
1 4838
1 4839
1 4840
1 4841
1 4842
1 4843
1 4844
1 4845
1 4846
1 4847
1 4848
1 4849
1 4850
1 4851
1 4852
1 4853
1 4854
1 4855
1 4856
1 4857
1 4858
1 4859
1 4860
1 4861
1 4862
1 4863
1 4864
1 4865
1 4866
1 4867
1 4868
1 4869
1 4870
1 4871
1 4872
1 4873
1 4874
1 4875
1 4876
1 4877
1 4878
1 4879
1 4880
1 4881
1 4882
1 4883
1 4884
1 4885
1 4886
1 4887
1 4888
1 4889
1 4890
1 4891
1 4892
1 4893
1 4894
1 4895
1 4896
1 4897
1 4898
1 4899
1 4900
1 4901
1 4902
1 4903
1 4904
1 4905
1 4906
1 4907
1 4908
1 4909
1 4910
1 4911
1 4912
1 4913
1 4914
1 4915
1 4916
1 4917
1 4918
1 4919
1 4920
1 4921
1 4922
1 4923
1 4924
1 4925
1 4926
1 4927
1 4928
1 4929
1 4930
1 4931
1 4932
1 4933
1 4934
1 4935
1 4936
1 4937
1 4938
1 4939
1 4940
1 4941
1 4942
1 4943
1 4944
1 4945
1 4946
1 4947
1 4948
1 4949
1 4950
1 4951
1 4952
1 4953
1 4954
1 4955
1 4956
1 4957
1 4958
1 4959
1 4960
1 4961
1 4962
1 4963
1 4964
1 4965
1 4966
1 4967
1 4968
1 4969
1 4970
1 4971
1 4972
1 4973
1 4974
1 4975
1 4976
1 4977
1 4978
1 4979
1 4980
1 4981
1 4982
1 4983
1 4984
1 4985
1 4986
1 4987
1 4988
1 4989
1 4990
1 4991
1 4992
1 4993
1 4994
1 4995
1 4996
1 4997
1 4998
1 4999
1 5000
1 5001
1 5002
1 5003
1 5004
1 5005
1 5006
1 5007
1 5008
1 5009
1 5010
1 5011
1 5012
1 5013
1 5014
1 5015
1 5016
1 5017
1 5018
1 5019
1 5020
1 5021
1 5022
1 5023
1 5024
1 5025
1 5026
1 5027
1 5028
1 5029
1 5030
1 5031
1 5032
1 5033
1 5034
1 5035
1 5036
1 5037
1 5038
1 5039
1 5040
1 5041
1 5042
1 5043
1 5044
1 5045
1 5046
1 5047
1 5048
1 5049
1 5050
1 5051
1 5052
1 5053
1 5054
1 5055
1 5056
1 5057
1 5058
1 5059
1 5060
1 5061
1 5062
1 5063
1 5064
1 5065
1 5066
1 5067
1 5068
1 5069
1 5070
1 5071
1 5072
1 5073
1 5074
1 5075
1 5076
1 5077
1 5078
1 5079
1 5080
1 5081
1 5082
1 5083
1 5084
1 5085
1 5086
1 5087
1 5088
1 5089
1 5090
1 5091
1 5092
1 5093
1 5094
1 5095
1 5096
1 5097
1 5098
1 5099
1 5100
1 5101
1 5102
1 5103
1 5104
1 5105
1 5106
1 5107
1 5108
1 5109
1 5110
1 5111
1 5112
1 5113
1 5114
1 5115
1 5116
1 5117
1 5118
1 5119
1 5120
1 5121
1 5122
1 5123
1 5124
1 5125
1 5126
1 5127
1 5128
1 5129
1 5130
1 5131
1 5132
1 5133
1 5134
1 5135
1 5136
1 5137
1 5138
1 5139
1 5140
1 5141
1 5142
1 5143
1 5144
1 5145
1 5146
1 5147
1 5148
1 5149
1 5150
1 5151
1 5152
1 5153
1 5154
1 5155
1 5156
1 5157
1 5158
1 5159
1 5160
1 5161
1 5162
1 5163
1 5164
1 5165
1 5166
1 5167
1 5168
1 5169
1 5170
1 5171
1 5172
1 5173
1 5174
1 5175
1 5176
1 5177
1 5178
1 5179
1 5180
1 5181
1 5182
1 5183
1 5184
1 5185
1 5186
1 5187
1 5188
1 5189
1 5190
1 5191
1 5192
1 5193
1 5194
1 5195
1 5196
1 5197
1 5198
1 5199
1 5200
1 5201
1 5202
1 5203
1 5204
1 5205
1 5206
1 5207
1 5208
1 5209
1 5210
1 5211
1 5212
1 5213
1 5214
1 5215
1 5216
1 5217
1 5218
1 5219
1 5220
1 5221
1 5222
1 5223
1 5224
1 5225
1 5226
1 5227
1 5228
1 5229
1 5230
1 5231
1 5232
1 5233
1 5234
1 5235
1 5236
1 5237
1 5238
1 5239
1 5240
1 5241
1 5242
1 5243
1 5244
1 5245
1 5246
1 5247
1 5248
1 5249
1 5250
1 5251
1 5252
1 5253
1 5254
1 5255
1 5256
1 5257
1 5258
1 5259
1 5260
1 5261
1 5262
1 5263
1 5264
1 5265
1 5266
1 5267
1 5268
1 5269
1 5270
1 5271
1 5272
1 5273
1 5274
1 5275
1 5276
1 5277
1 5278
1 5279
1 5280
1 5281
1 5282
1 5283
1 5284
1 5285
1 5286
1 5287
1 5288
1 5289
1 5290
1 5291
1 5292
1 5293
1 5294
1 5295
1 5296
1 5297
1 5298
1 5299
1 5300
1 5301
1 5302
1 5303
1 5304
1 5305
1 5306
1 5307
1 5308
1 5309
1 5310
1 5311
1 5312
1 5313
1 5314
1 5315
1 5316
1 5317
1 5318
1 5319
1 5320
1 5321
1 5322
1 5323
1 5324
1 5325
1 5326
1 5327
1 5328
1 5329
1 5330
1 5331
1 5332
1 5333
1 5334
1 5335
1 5336
1 5337
1 5338
1 5339
1 5340
1 5341
1 5342
1 5343
1 5344
1 5345
1 5346
1 5347
1 5348
1 5349
1 5350
1 5351
1 5352
1 5353
1 5354
1 5355
1 5356
1 5357
1 5358
1 5359
1 5360
1 5361
1 5362
1 5363
1 5364
1 5365
1 5366
1 5367
1 5368
1 5369
1 5370
1 5371
1 5372
1 5373
1 5374
1 5375
1 5376
1 5377
1 5378
1 5379
1 5380
1 5381
1 5382
1 5383
1 5384
1 5385
1 5386
1 5387
1 5388
1 5389
1 5390
1 5391
1 5392
1 5393
1 5394
1 5395
1 5396
1 5397
1 5398
1 5399
1 5400
1 5401
1 5402
1 5403
1 5404
1 5405
1 5406
1 5407
1 5408
1 5409
1 5410
1 5411
1 5412
1 5413
1 5414
1 5415
1 5416
1 5417
1 5418
1 5419
1 5420
1 5421
1 5422
1 5423
1 5424
1 5425
1 5426
1 5427
1 5428
1 5429
1 5430
1 5431
1 5432
1 5433
1 5434
1 5435
1 5436
1 5437
1 5438
1 5439
1 5440
1 5441
1 5442
1 5443
1 5444
1 5445
1 5446
1 5447
1 5448
1 5449
1 5450
1 5451
1 5452
1 5453
1 5454
1 5455
1 5456
1 5457
1 5458
1 5459
1 5460
1 5461
1 5462
1 5463
1 5464
1 5465
1 5466
1 5467
1 5468
1 5469
1 5470
1 5471
1 5472
1 5473
1 5474
1 5475
1 5476
1 5477
1 5478
1 5479
1 5480
1 5481
1 5482
1 5483
1 5484
1 5485
1 5486
1 5487
1 5488
1 5489
1 5490
1 5491
1 5492
1 5493
1 5494
1 5495
1 5496
1 5497
1 5498
1 5499
1 5500
1 5501
1 5502
1 5503
1 5504
1 5505
1 5506
1 5507
1 5508
1 5509
1 5510
1 5511
1 5512
1 5513
1 5514
1 5515
1 5516
1 5517
1 5518
1 5519
1 5520
1 5521
1 5522
1 5523
1 5524
1 5525
1 5526
1 5527
1 5528
1 5529
1 5530
1 5531
1 5532
1 5533
1 5534
1 5535
1 5536
1 5537
1 5538
1 5539
1 5540
1 5541
1 5542
1 5543
1 5544
1 5545
1 5546
1 5547
1 5548
1 5549
1 5550
1 5551
1 5552
1 5553
1 5554
1 5555
1 5556
1 5557
1 5558
1 5559
1 5560
1 5561
1 5562
1 5563
1 5564
1 5565
1 5566
1 5567
1 5568
1 5569
1 5570
1 5571
1 5572
1 5573
1 5574
1 5575
1 5576
1 5577
1 5578
1 5579
1 5580
1 5581
1 5582
1 5583
1 5584
1 5585
1 5586
1 5587
1 5588
1 5589
1 5590
1 5591
1 5592
1 5593
1 5594
1 5595
1 5596
1 5597
1 5598
1 5599
1 5600
1 5601
1 5602
1 5603
1 5604
1 5605
1 5606
1 5607
1 5608
1 5609
1 5610
1 5611
1 5612
1 5613
1 5614
1 5615
1 5616
1 5617
1 5618
1 5619
1 5620
1 5621
1 5622
1 5623
1 5624
1 5625
1 5626
1 5627
1 5628
1 5629
1 5630
1 5631
1 5632
1 5633
1 5634
1 5635
1 5636
1 5637
1 5638
1 5639
1 5640
1 5641
1 5642
1 5643
1 5644
1 5645
1 5646
1 5647
1 5648
1 5649
1 5650
1 5651
1 5652
1 5653
1 5654
1 5655
1 5656
1 5657
1 5658
1 5659
1 5660
1 5661
1 5662
1 5663
1 5664
1 5665
1 5666
1 5667
1 5668
1 5669
1 5670
1 5671
1 5672
1 5673
1 5674
1 5675
1 5676
1 5677
1 5678
1 5679
1 5680
1 5681
1 5682
1 5683
1 5684
1 5685
1 5686
1 5687
1 5688
1 5689
1 5690
1 5691
1 5692
1 5693
1 5694
1 5695
1 5696
1 5697
1 5698
1 5699
1 5700
1 5701
1 5702
1 5703
1 5704
1 5705
1 5706
1 5707
1 5708
1 5709
1 5710
1 5711
1 5712
1 5713
1 5714
1 5715
1 5716
1 5717
1 5718
1 5719
1 5720
1 5721
1 5722
1 5723
1 5724
1 5725
1 5726
1 5727
1 5728
1 5729
1 5730
1 5731
1 5732
1 5733
1 5734
1 5735
1 5736
1 5737
1 5738
1 5739
1 5740
1 5741
1 5742
1 5743
1 5744
1 5745
1 5746
1 5747
1 5748
1 5749
1 5750
1 5751
1 5752
1 5753
1 5754
1 5755
1 5756
1 5757
1 5758
1 5759
1 5760
1 5761
1 5762
1 5763
1 5764
1 5765
1 5766
1 5767
1 5768
1 5769
1 5770
1 5771
1 5772
1 5773
1 5774
1 5775
1 5776
1 5777
1 5778
1 5779
1 5780
1 5781
1 5782
1 5783
1 5784
1 5785
1 5786
1 5787
1 5788
1 5789
1 5790
1 5791
1 5792
1 5793
1 5794
1 5795
1 5796
1 5797
1 5798
1 5799
1 5800
1 5801
1 5802
1 5803
1 5804
1 5805
1 5806
1 5807
1 5808
1 5809
1 5810
1 5811
1 5812
1 5813
1 5814
1 5815
1 5816
1 5817
1 5818
1 5819
1 5820
1 5821
1 5822
1 5823
1 5824
1 5825
1 5826
1 5827
1 5828
1 5829
1 5830
1 5831
1 5832
1 5833
1 5834
1 5835
1 5836
1 5837
1 5838
1 5839
1 5840
1 5841
1 5842
1 5843
1 5844
1 5845
1 5846
1 5847
1 5848
1 5849
1 5850
1 5851
1 5852
1 5853
1 5854
1 5855
1 5856
1 5857
1 5858
1 5859
1 5860
1 5861
1 5862
1 5863
1 5864
1 5865
1 5866
1 5867
1 5868
1 5869
1 5870
1 5871
1 5872
1 5873
1 5874
1 5875
1 5876
1 5877
1 5878
1 5879
1 5880
1 5881
1 5882
1 5883
1 5884
1 5885
1 5886
1 5887
1 5888
1 5889
1 5890
1 5891
1 5892
1 5893
1 5894
1 5895
1 5896
1 5897
1 5898
1 5899
1 5900
1 5901
1 5902
1 5903
1 5904
1 5905
1 5906
1 5907
1 5908
1 5909
1 5910
1 5911
1 5912
1 5913
1 5914
1 5915
1 5916
1 5917
1 5918
1 5919
1 5920
1 5921
1 5922
1 5923
1 5924
1 5925
1 5926
1 5927
1 5928
1 5929
1 5930
1 5931
1 5932
1 5933
1 5934
1 5935
1 5936
1 5937
1 5938
1 5939
1 5940
1 5941
1 5942
1 5943
1 5944
1 5945
1 5946
1 5947
1 5948
1 5949
1 5950
1 5951
1 5952
1 5953
1 5954
1 5955
1 5956
1 5957
1 5958
1 5959
1 5960
1 5961
1 5962
1 5963
1 5964
1 5965
1 5966
1 5967
1 5968
1 5969
1 5970
1 5971
1 5972
1 5973
1 5974
1 5975
1 5976
1 5977
1 5978
1 5979
1 5980
1 5981
1 5982
1 5983
1 5984
1 5985
1 5986
1 5987
1 5988
1 5989
1 5990
1 5991
1 5992
1 5993
1 5994
1 5995
1 5996
1 5997
1 5998
1 5999
1 6000
1 6001
1 6002
1 6003
1 6004
1 6005
1 6006
1 6007
1 6008
1 6009
1 6010
1 6011
1 6012
1 6013
1 6014
1 6015
1 6016
1 6017
1 6018
1 6019
1 6020
1 6021
1 6022
1 6023
1 6024
1 6025
1 6026
1 6027
1 6028
1 6029
1 6030
1 6031
1 6032
1 6033
1 6034
1 6035
1 6036
1 6037
1 6038
1 6039
1 6040
1 6041
1 6042
1 6043
1 6044
1 6045
1 6046
1 6047
1 6048
1 6049
1 6050
1 6051
1 6052
1 6053
1 6054
1 6055
1 6056
1 6057
1 6058
1 6059
1 6060
1 6061
1 6062
1 6063
1 6064
1 6065
1 6066
1 6067
1 6068
1 6069
1 6070
1 6071
1 6072
1 6073
1 6074
1 6075
1 6076
1 6077
1 6078
1 6079
1 6080
1 6081
1 6082
1 6083
1 6084
1 6085
1 6086
1 6087
1 6088
1 6089
1 6090
1 6091
1 6092
1 6093
1 6094
1 6095
1 6096
1 6097
1 6098
1 6099
1 6100
1 6101
1 6102
1 6103
1 6104
1 6105
1 6106
1 6107
1 6108
1 6109
1 6110
1 6111
1 6112
1 6113
1 6114
1 6115
1 6116
1 6117
1 6118
1 6119
1 6120
1 6121
1 6122
1 6123
1 6124
1 6125
1 6126
1 6127
1 6128
1 6129
1 6130
1 6131
1 6132
1 6133
1 6134
1 6135
1 6136
1 6137
1 6138
1 6139
1 6140
1 6141
1 6142
1 6143
1 6144
1 6145
1 6146
1 6147
1 6148
1 6149
1 6150
1 6151
1 6152
1 6153
1 6154
1 6155
1 6156
1 6157
1 6158
1 6159
1 6160
1 6161
1 6162
1 6163
1 6164
1 6165
1 6166
1 6167
1 6168
1 6169
1 6170
1 6171
1 6172
1 6173
1 6174
1 6175
1 6176
1 6177
1 6178
1 6179
1 6180
1 6181
1 6182
1 6183
1 6184
1 6185
1 6186
1 6187
1 6188
1 6189
1 6190
1 6191
1 6192
1 6193
1 6194
1 6195
1 6196
1 6197
1 6198
1 6199
1 6200
1 6201
1 6202
1 6203
1 6204
1 6205
1 6206
1 6207
1 6208
1 6209
1 6210
1 6211
1 6212
1 6213
1 6214
1 6215
1 6216
1 6217
1 6218
1 6219
1 6220
1 6221
1 6222
1 6223
1 6224
1 6225
1 6226
1 6227
1 6228
1 6229
1 6230
1 6231
1 6232
1 6233
1 6234
1 6235
1 6236
1 6237
1 6238
1 6239
1 6240
1 6241
1 6242
1 6243
1 6244
1 6245
1 6246
1 6247
1 6248
1 6249
1 6250
1 6251
1 6252
1 6253
1 6254
1 6255
1 6256
1 6257
1 6258
1 6259
1 6260
1 6261
1 6262
1 6263
1 6264
1 6265
1 6266
1 6267
1 6268
1 6269
1 6270
1 6271
1 6272
1 6273
1 6274
1 6275
1 6276
1 6277
1 6278
1 6279
1 6280
1 6281
1 6282
1 6283
1 6284
1 6285
1 6286
1 6287
1 6288
1 6289
1 6290
1 6291
1 6292
1 6293
1 6294
1 6295
1 6296
1 6297
1 6298
1 6299
1 6300
1 6301
1 6302
1 6303
1 6304
1 6305
1 6306
1 6307
1 6308
1 6309
1 6310
1 6311
1 6312
1 6313
1 6314
1 6315
1 6316
1 6317
1 6318
1 6319
1 6320
1 6321
1 6322
1 6323
1 6324
1 6325
1 6326
1 6327
1 6328
1 6329
1 6330
1 6331
1 6332
1 6333
1 6334
1 6335
1 6336
1 6337
1 6338
1 6339
1 6340
1 6341
1 6342
1 6343
1 6344
1 6345
1 6346
1 6347
1 6348
1 6349
1 6350
1 6351
1 6352
1 6353
1 6354
1 6355
1 6356
1 6357
1 6358
1 6359
1 6360
1 6361
1 6362
1 6363
1 6364
1 6365
1 6366
1 6367
1 6368
1 6369
1 6370
1 6371
1 6372
1 6373
1 6374
1 6375
1 6376
1 6377
1 6378
1 6379
1 6380
1 6381
1 6382
1 6383
1 6384
1 6385
1 6386
1 6387
1 6388
1 6389
1 6390
1 6391
1 6392
1 6393
1 6394
1 6395
1 6396
1 6397
1 6398
1 6399
1 6400
1 6401
1 6402
1 6403
1 6404
1 6405
1 6406
1 6407
1 6408
1 6409
1 6410
1 6411
1 6412
1 6413
1 6414
1 6415
1 6416
1 6417
1 6418
1 6419
1 6420
1 6421
1 6422
1 6423
1 6424
1 6425
1 6426
1 6427
1 6428
1 6429
1 6430
1 6431
1 6432
1 6433
1 6434
1 6435
1 6436
1 6437
1 6438
1 6439
1 6440
1 6441
1 6442
1 6443
1 6444
1 6445
1 6446
1 6447
1 6448
1 6449
1 6450
1 6451
1 6452
1 6453
1 6454
1 6455
1 6456
1 6457
1 6458
1 6459
1 6460
1 6461
1 6462
1 6463
1 6464
1 6465
1 6466
1 6467
1 6468
1 6469
1 6470
1 6471
1 6472
1 6473
1 6474
1 6475
1 6476
1 6477
1 6478
1 6479
1 6480
1 6481
1 6482
1 6483
1 6484
1 6485
1 6486
1 6487
1 6488
1 6489
1 6490
1 6491
1 6492
1 6493
1 6494
1 6495
1 6496
1 6497
1 6498
1 6499
1 6500
1 6501
1 6502
1 6503
1 6504
1 6505
1 6506
1 6507
1 6508
1 6509
1 6510
1 6511
1 6512
1 6513
1 6514
1 6515
1 6516
1 6517
1 6518
1 6519
1 6520
1 6521
1 6522
1 6523
1 6524
1 6525
1 6526
1 6527
1 6528
1 6529
1 6530
1 6531
1 6532
1 6533
1 6534
1 6535
1 6536
1 6537
1 6538
1 6539
1 6540
1 6541
1 6542
1 6543
1 6544
1 6545
1 6546
1 6547
1 6548
1 6549
1 6550
1 6551
1 6552
1 6553
1 6554
1 6555
1 6556
1 6557
1 6558
1 6559
1 6560
1 6561
1 6562
1 6563
1 6564
1 6565
1 6566
1 6567
1 6568
1 6569
1 6570
1 6571
1 6572
1 6573
1 6574
1 6575
1 6576
1 6577
1 6578
1 6579
1 6580
1 6581
1 6582
1 6583
1 6584
1 6585
1 6586
1 6587
1 6588
1 6589
1 6590
1 6591
1 6592
1 6593
1 6594
1 6595
1 6596
1 6597
1 6598
1 6599
1 6600
1 6601
1 6602
1 6603
1 6604
1 6605
1 6606
1 6607
1 6608
1 6609
1 6610
1 6611
1 6612
1 6613
1 6614
1 6615
1 6616
1 6617
1 6618
1 6619
1 6620
1 6621
1 6622
1 6623
1 6624
1 6625
1 6626
1 6627
1 6628
1 6629
1 6630
1 6631
1 6632
1 6633
1 6634
1 6635
1 6636
1 6637
1 6638
1 6639
1 6640
1 6641
1 6642
1 6643
1 6644
1 6645
1 6646
1 6647
1 6648
1 6649
1 6650
1 6651
1 6652
1 6653
1 6654
1 6655
1 6656
1 6657
1 6658
1 6659
1 6660
1 6661
1 6662
1 6663
1 6664
1 6665
1 6666
1 6667
1 6668
1 6669
1 6670
1 6671
1 6672
1 6673
1 6674
1 6675
1 6676
1 6677
1 6678
1 6679
1 6680
1 6681
1 6682
1 6683
1 6684
1 6685
1 6686
1 6687
1 6688
1 6689
1 6690
1 6691
1 6692
1 6693
1 6694
1 6695
1 6696
1 6697
1 6698
1 6699
1 6700
1 6701
1 6702
1 6703
1 6704
1 6705
1 6706
1 6707
1 6708
1 6709
1 6710
1 6711
1 6712
1 6713
1 6714
1 6715
1 6716
1 6717
1 6718
1 6719
1 6720
1 6721
1 6722
1 6723
1 6724
1 6725
1 6726
1 6727
1 6728
1 6729
1 6730
1 6731
1 6732
1 6733
1 6734
1 6735
1 6736
1 6737
1 6738
1 6739
1 6740
1 6741
1 6742
1 6743
1 6744
1 6745
1 6746
1 6747
1 6748
1 6749
1 6750
1 6751
1 6752
1 6753
1 6754
1 6755
1 6756
1 6757
1 6758
1 6759
1 6760
1 6761
1 6762
1 6763
1 6764
1 6765
1 6766
1 6767
1 6768
1 6769
1 6770
1 6771
1 6772
1 6773
1 6774
1 6775
1 6776
1 6777
1 6778
1 6779
1 6780
1 6781
1 6782
1 6783
1 6784
1 6785
1 6786
1 6787
1 6788
1 6789
1 6790
1 6791
1 6792
1 6793
1 6794
1 6795
1 6796
1 6797
1 6798
1 6799
1 6800
1 6801
1 6802
1 6803
1 6804
1 6805
1 6806
1 6807
1 6808
1 6809
1 6810
1 6811
1 6812
1 6813
1 6814
1 6815
1 6816
1 6817
1 6818
1 6819
1 6820
1 6821
1 6822
1 6823
1 6824
1 6825
1 6826
1 6827
1 6828
1 6829
1 6830
1 6831
1 6832
1 6833
1 6834
1 6835
1 6836
1 6837
1 6838
1 6839
1 6840
1 6841
1 6842
1 6843
1 6844
1 6845
1 6846
1 6847
1 6848
1 6849
1 6850
1 6851
1 6852
1 6853
1 6854
1 6855
1 6856
1 6857
1 6858
1 6859
1 6860
1 6861
1 6862
1 6863
1 6864
1 6865
1 6866
1 6867
1 6868
1 6869
1 6870
1 6871
1 6872
1 6873
1 6874
1 6875
1 6876
1 6877
1 6878
1 6879
1 6880
1 6881
1 6882
1 6883
1 6884
1 6885
1 6886
1 6887
1 6888
1 6889
1 6890
1 6891
1 6892
1 6893
1 6894
1 6895
1 6896
1 6897
1 6898
1 6899
1 6900
1 6901
1 6902
1 6903
1 6904
1 6905
1 6906
1 6907
1 6908
1 6909
1 6910
1 6911
1 6912
1 6913
1 6914
1 6915
1 6916
1 6917
1 6918
1 6919
1 6920
1 6921
1 6922
1 6923
1 6924
1 6925
1 6926
1 6927
1 6928
1 6929
1 6930
1 6931
1 6932
1 6933
1 6934
1 6935
1 6936
1 6937
1 6938
1 6939
1 6940
1 6941
1 6942
1 6943
1 6944
1 6945
1 6946
1 6947
1 6948
1 6949
1 6950
1 6951
1 6952
1 6953
1 6954
1 6955
1 6956
1 6957
1 6958
1 6959
1 6960
1 6961
1 6962
1 6963
1 6964
1 6965
1 6966
1 6967
1 6968
1 6969
1 6970
1 6971
1 6972
1 6973
1 6974
1 6975
1 6976
1 6977
1 6978
1 6979
1 6980
1 6981
1 6982
1 6983
1 6984
1 6985
1 6986
1 6987
1 6988
1 6989
1 6990
1 6991
1 6992
1 6993
1 6994
1 6995
1 6996
1 6997
1 6998
1 6999
1 7000
1 7001
1 7002
1 7003
1 7004
1 7005
1 7006
1 7007
1 7008
1 7009
1 7010
1 7011
1 7012
1 7013
1 7014
1 7015
1 7016
1 7017
1 7018
1 7019
1 7020
1 7021
1 7022
1 7023
1 7024
1 7025
1 7026
1 7027
1 7028
1 7029
1 7030
1 7031
1 7032
1 7033
1 7034
1 7035
1 7036
1 7037
1 7038
1 7039
1 7040
1 7041
1 7042
1 7043
1 7044
1 7045
1 7046
1 7047
1 7048
1 7049
1 7050
1 7051
1 7052
1 7053
1 7054
1 7055
1 7056
1 7057
1 7058
1 7059
1 7060
1 7061
1 7062
1 7063
1 7064
1 7065
1 7066
1 7067
1 7068
1 7069
1 7070
1 7071
1 7072
1 7073
1 7074
1 7075
1 7076
1 7077
1 7078
1 7079
1 7080
1 7081
1 7082
1 7083
1 7084
1 7085
1 7086
1 7087
1 7088
1 7089
1 7090
1 7091
1 7092
1 7093
1 7094
1 7095
1 7096
1 7097
1 7098
1 7099
1 7100
1 7101
1 7102
1 7103
1 7104
1 7105
1 7106
1 7107
1 7108
1 7109
1 7110
1 7111
1 7112
1 7113
1 7114
1 7115
1 7116
1 7117
1 7118
1 7119
1 7120
1 7121
1 7122
1 7123
1 7124
1 7125
1 7126
1 7127
1 7128
1 7129
1 7130
1 7131
1 7132
1 7133
1 7134
1 7135
1 7136
1 7137
1 7138
1 7139
1 7140
1 7141
1 7142
1 7143
1 7144
1 7145
1 7146
1 7147
1 7148
1 7149
1 7150
1 7151
1 7152
1 7153
1 7154
1 7155
1 7156
1 7157
1 7158
1 7159
1 7160
1 7161
1 7162
1 7163
1 7164
1 7165
1 7166
1 7167
1 7168
1 7169
1 7170
1 7171
1 7172
1 7173
1 7174
1 7175
1 7176
1 7177
1 7178
1 7179
1 7180
1 7181
1 7182
1 7183
1 7184
1 7185
1 7186
1 7187
1 7188
1 7189
1 7190
1 7191
1 7192
1 7193
1 7194
1 7195
1 7196
1 7197
1 7198
1 7199
1 7200
1 7201
1 7202
1 7203
1 7204
1 7205
1 7206
1 7207
1 7208
1 7209
1 7210
1 7211
1 7212
1 7213
1 7214
1 7215
1 7216
1 7217
1 7218
1 7219
1 7220
1 7221
1 7222
1 7223
1 7224
1 7225
1 7226
1 7227
1 7228
1 7229
1 7230
1 7231
1 7232
1 7233
1 7234
1 7235
1 7236
1 7237
1 7238
1 7239
1 7240
1 7241
1 7242
1 7243
1 7244
1 7245
1 7246
1 7247
1 7248
1 7249
1 7250
1 7251
1 7252
1 7253
1 7254
1 7255
1 7256
1 7257
1 7258
1 7259
1 7260
1 7261
1 7262
1 7263
1 7264
1 7265
1 7266
1 7267
1 7268
1 7269
1 7270
1 7271
1 7272
1 7273
1 7274
1 7275
1 7276
1 7277
1 7278
1 7279
1 7280
1 7281
1 7282
1 7283
1 7284
1 7285
1 7286
1 7287
1 7288
1 7289
1 7290
1 7291
1 7292
1 7293
1 7294
1 7295
1 7296
1 7297
1 7298
1 7299
1 7300
1 7301
1 7302
1 7303
1 7304
1 7305
1 7306
1 7307
1 7308
1 7309
1 7310
1 7311
1 7312
1 7313
1 7314
1 7315
1 7316
1 7317
1 7318
1 7319
1 7320
1 7321
1 7322
1 7323
1 7324
1 7325
1 7326
1 7327
1 7328
1 7329
1 7330
1 7331
1 7332
1 7333
1 7334
1 7335
1 7336
1 7337
1 7338
1 7339
1 7340
1 7341
1 7342
1 7343
1 7344
1 7345
1 7346
1 7347
1 7348
1 7349
1 7350
1 7351
1 7352
1 7353
1 7354
1 7355
1 7356
1 7357
1 7358
1 7359
1 7360
1 7361
1 7362
1 7363
1 7364
1 7365
1 7366
1 7367
1 7368
1 7369
1 7370
1 7371
1 7372
1 7373
1 7374
1 7375
1 7376
1 7377
1 7378
1 7379
1 7380
1 7381
1 7382
1 7383
1 7384
1 7385
1 7386
1 7387
1 7388
1 7389
1 7390
1 7391
1 7392
1 7393
1 7394
1 7395
1 7396
1 7397
1 7398
1 7399
1 7400
1 7401
1 7402
1 7403
1 7404
1 7405
1 7406
1 7407
1 7408
1 7409
1 7410
1 7411
1 7412
1 7413
1 7414
1 7415
1 7416
1 7417
1 7418
1 7419
1 7420
1 7421
1 7422
1 7423
1 7424
1 7425
1 7426
1 7427
1 7428
1 7429
1 7430
1 7431
1 7432
1 7433
1 7434
1 7435
1 7436
1 7437
1 7438
1 7439
1 7440
1 7441
1 7442
1 7443
1 7444
1 7445
1 7446
1 7447
1 7448
1 7449
1 7450
1 7451
1 7452
1 7453
1 7454
1 7455
1 7456
1 7457
1 7458
1 7459
1 7460
1 7461
1 7462
1 7463
1 7464
1 7465
1 7466
1 7467
1 7468
1 7469
1 7470
1 7471
1 7472
1 7473
1 7474
1 7475
1 7476
1 7477
1 7478
1 7479
1 7480
1 7481
1 7482
1 7483
1 7484
1 7485
1 7486
1 7487
1 7488
1 7489
1 7490
1 7491
1 7492
1 7493
1 7494
1 7495
1 7496
1 7497
1 7498
1 7499
1 7500
1 7501
1 7502
1 7503
1 7504
1 7505
1 7506
1 7507
1 7508
1 7509
1 7510
1 7511
1 7512
1 7513
1 7514
1 7515
1 7516
1 7517
1 7518
1 7519
1 7520
1 7521
1 7522
1 7523
1 7524
1 7525
1 7526
1 7527
1 7528
1 7529
1 7530
1 7531
1 7532
1 7533
1 7534
1 7535
1 7536
1 7537
1 7538
1 7539
1 7540
1 7541
1 7542
1 7543
1 7544
1 7545
1 7546
1 7547
1 7548
1 7549
1 7550
1 7551
1 7552
1 7553
1 7554
1 7555
1 7556
1 7557
1 7558
1 7559
1 7560
1 7561
1 7562
1 7563
1 7564
1 7565
1 7566
1 7567
1 7568
1 7569
1 7570
1 7571
1 7572
1 7573
1 7574
1 7575
1 7576
1 7577
1 7578
1 7579
1 7580
1 7581
1 7582
1 7583
1 7584
1 7585
1 7586
1 7587
1 7588
1 7589
1 7590
1 7591
1 7592
1 7593
1 7594
1 7595
1 7596
1 7597
1 7598
1 7599
1 7600
1 7601
1 7602
1 7603
1 7604
1 7605
1 7606
1 7607
1 7608
1 7609
1 7610
1 7611
1 7612
1 7613
1 7614
1 7615
1 7616
1 7617
1 7618
1 7619
1 7620
1 7621
1 7622
1 7623
1 7624
1 7625
1 7626
1 7627
1 7628
1 7629
1 7630
1 7631
1 7632
1 7633
1 7634
1 7635
1 7636
1 7637
1 7638
1 7639
1 7640
1 7641
1 7642
1 7643
1 7644
1 7645
1 7646
1 7647
1 7648
1 7649
1 7650
1 7651
1 7652
1 7653
1 7654
1 7655
1 7656
1 7657
1 7658
1 7659
1 7660
1 7661
1 7662
1 7663
1 7664
1 7665
1 7666
1 7667
1 7668
1 7669
1 7670
1 7671
1 7672
1 7673
1 7674
1 7675
1 7676
1 7677
1 7678
1 7679
1 7680
1 7681
1 7682
1 7683
1 7684
1 7685
1 7686
1 7687
1 7688
1 7689
1 7690
1 7691
1 7692
1 7693
1 7694
1 7695
1 7696
1 7697
1 7698
1 7699
1 7700
1 7701
1 7702
1 7703
1 7704
1 7705
1 7706
1 7707
1 7708
1 7709
1 7710
1 7711
1 7712
1 7713
1 7714
1 7715
1 7716
1 7717
1 7718
1 7719
1 7720
1 7721
1 7722
1 7723
1 7724
1 7725
1 7726
1 7727
1 7728
1 7729
1 7730
1 7731
1 7732
1 7733
1 7734
1 7735
1 7736
1 7737
1 7738
1 7739
1 7740
1 7741
1 7742
1 7743
1 7744
1 7745
1 7746
1 7747
1 7748
1 7749
1 7750
1 7751
1 7752
1 7753
1 7754
1 7755
1 7756
1 7757
1 7758
1 7759
1 7760
1 7761
1 7762
1 7763
1 7764
1 7765
1 7766
1 7767
1 7768
1 7769
1 7770
1 7771
1 7772
1 7773
1 7774
1 7775
1 7776
1 7777
1 7778
1 7779
1 7780
1 7781
1 7782
1 7783
1 7784
1 7785
1 7786
1 7787
1 7788
1 7789
1 7790
1 7791
1 7792
1 7793
1 7794
1 7795
1 7796
1 7797
1 7798
1 7799
1 7800
1 7801
1 7802
1 7803
1 7804
1 7805
1 7806
1 7807
1 7808
1 7809
1 7810
1 7811
1 7812
1 7813
1 7814
1 7815
1 7816
1 7817
1 7818
1 7819
1 7820
1 7821
1 7822
1 7823
1 7824
1 7825
1 7826
1 7827
1 7828
1 7829
1 7830
1 7831
1 7832
1 7833
1 7834
1 7835
1 7836
1 7837
1 7838
1 7839
1 7840
1 7841
1 7842
1 7843
1 7844
1 7845
1 7846
1 7847
1 7848
1 7849
1 7850
1 7851
1 7852
1 7853
1 7854
1 7855
1 7856
1 7857
1 7858
1 7859
1 7860
1 7861
1 7862
1 7863
1 7864
1 7865
1 7866
1 7867
1 7868
1 7869
1 7870
1 7871
1 7872
1 7873
1 7874
1 7875
1 7876
1 7877
1 7878
1 7879
1 7880
1 7881
1 7882
1 7883
1 7884
1 7885
1 7886
1 7887
1 7888
1 7889
1 7890
1 7891
1 7892
1 7893
1 7894
1 7895
1 7896
1 7897
1 7898
1 7899
1 7900
1 7901
1 7902
1 7903
1 7904
1 7905
1 7906
1 7907
1 7908
1 7909
1 7910
1 7911
1 7912
1 7913
1 7914
1 7915
1 7916
1 7917
1 7918
1 7919
1 7920
1 7921
1 7922
1 7923
1 7924
1 7925
1 7926
1 7927
1 7928
1 7929
1 7930
1 7931
1 7932
1 7933
1 7934
1 7935
1 7936
1 7937
1 7938
1 7939
1 7940
1 7941
1 7942
1 7943
1 7944
1 7945
1 7946
1 7947
1 7948
1 7949
1 7950
1 7951
1 7952
1 7953
1 7954
1 7955
1 7956
1 7957
1 7958
1 7959
1 7960
1 7961
1 7962
1 7963
1 7964
1 7965
1 7966
1 7967
1 7968
1 7969
1 7970
1 7971
1 7972
1 7973
1 7974
1 7975
1 7976
1 7977
1 7978
1 7979
1 7980
1 7981
1 7982
1 7983
1 7984
1 7985
1 7986
1 7987
1 7988
1 7989
1 7990
1 7991
1 7992
1 7993
1 7994
1 7995
1 7996
1 7997
1 7998
1 7999
1 8000
1 8001
1 8002
1 8003
1 8004
1 8005
1 8006
1 8007
1 8008
1 8009
1 8010
1 8011
1 8012
1 8013
1 8014
1 8015
1 8016
1 8017
1 8018
1 8019
1 8020
1 8021
1 8022
1 8023
1 8024
1 8025
1 8026
1 8027
1 8028
1 8029
1 8030
1 8031
1 8032
1 8033
1 8034
1 8035
1 8036
1 8037
1 8038
1 8039
1 8040
1 8041
1 8042
1 8043
1 8044
1 8045
1 8046
1 8047
1 8048
1 8049
1 8050
1 8051
1 8052
1 8053
1 8054
1 8055
1 8056
1 8057
1 8058
1 8059
1 8060
1 8061
1 8062
1 8063
1 8064
1 8065
1 8066
1 8067
1 8068
1 8069
1 8070
1 8071
1 8072
1 8073
1 8074
1 8075
1 8076
1 8077
1 8078
1 8079
1 8080
1 8081
1 8082
1 8083
1 8084
1 8085
1 8086
1 8087
1 8088
1 8089
1 8090
1 8091
1 8092
1 8093
1 8094
1 8095
1 8096
1 8097
1 8098
1 8099
1 8100
1 8101
1 8102
1 8103
1 8104
1 8105
1 8106
1 8107
1 8108
1 8109
1 8110
1 8111
1 8112
1 8113
1 8114
1 8115
1 8116
1 8117
1 8118
1 8119
1 8120
1 8121
1 8122
1 8123
1 8124
1 8125
1 8126
1 8127
1 8128
1 8129
1 8130
1 8131
1 8132
1 8133
1 8134
1 8135
1 8136
1 8137
1 8138
1 8139
1 8140
1 8141
1 8142
1 8143
1 8144
1 8145
1 8146
1 8147
1 8148
1 8149
1 8150
1 8151
1 8152
1 8153
1 8154
1 8155
1 8156
1 8157
1 8158
1 8159
1 8160
1 8161
1 8162
1 8163
1 8164
1 8165
1 8166
1 8167
1 8168
1 8169
1 8170
1 8171
1 8172
1 8173
1 8174
1 8175
1 8176
1 8177
1 8178
1 8179
1 8180
1 8181
1 8182
1 8183
1 8184
1 8185
1 8186
1 8187
1 8188
1 8189
1 8190
1 8191
1 8192
1 8193
1 11
8194 7273
8195 6897
8196 2411
8197 5620
8198 5943
8199 1905
8200 6118
8201 3471
8202 3374
8203 4494
8204 323
8205 562
8206 1414
8207 443
8208 3102
8209 3882
8210 6749
8211 6103
8212 7254
8213 4992
8214 2674
8215 2243
8216 955
8217 6802
8218 6036
8219 1660
8220 1571
8221 791
8222 920
8223 5856
8224 8113
8225 1229
8226 7067
8227 5297
8228 6931
8229 3100
8230 576
8231 104
8232 1686
8233 7234
8234 6777
8235 3982
8236 4062
8237 419
8238 1547
8239 6945
8240 1597
8241 2224
8242 1686
8243 7555
8244 3862
8245 6194
8246 5157
8247 7759
8248 7631
8249 1444
8250 6175
8251 3633
8252 6441
8253 6487
8254 2954
8255 1358
8256 7551
8257 5783
8258 7388
8259 1883
8260 7815
8261 6078
8262 4063
8263 4845
8264 2201
8265 72
8266 5654
8267 3386
8268 5819
8269 3524
8270 3848
8271 3126
8272 7091
8273 7292
8274 4972
8275 2347
8276 136
8277 895
8278 3928
8279 5744
8280 6335
8281 4856
8282 3808
8283 8247
8284 4038
8285 4949
8286 5847
8287 7454
8288 4940
8289 4933
8290 5948
8291 7677
8292 2225
8293 6051
8294 947
8295 5354
8296 4497
8297 3121
8298 5856
8299 6374
8300 1338
8301 4727
8302 1192
8303 2696
8304 5661
8305 5321
8306 6475
8307 6012
8308 4956
8309 1092
8310 5431
8311 2107
8312 8203
8313 2498
8314 1850
8315 7326
8316 7653
8317 4773
8318 4326
8319 2810
8320 6783
8321 6215
8322 4880
8323 6909
8324 1065
8325 132
8326 6860
8327 4248
8328 6417
8329 5419
8330 3798
8331 7220
8332 1283
8333 4442
8334 3573
8335 2055
8336 1679
8337 5648
8338 1354
8339 5378
8340 3439
8341 6389
8342 87
8343 746
8344 2843
8345 1894
8346 22
8347 372
8348 8291
8349 5089
8350 2328
8351 7664
8352 1157
8353 7938
8354 3221
8355 4806
8356 2375
8357 7510
8358 4547
8359 6419
8360 7448
8361 2041
8362 203
8363 3602
8364 5931
8365 1427
8366 5708
8367 4455
8368 3834
8369 4673
8370 5032
8371 1613
8372 1011
8373 4592
8374 7718
8375 8224
8376 2069
8377 7185
8378 4285
8379 1658
8380 6240
8381 4724
8382 2349
8383 1339
8384 7469
8385 2498
8386 1773
8387 876
8388 1140
8389 5559
8390 1412
8391 5875
8392 4971
8393 5263
8394 644
8395 4799
8396 419
8397 7979
8398 4710
8399 5028
8400 93
8401 4025
8402 6372
8403 4126
8404 6402
8405 6841
8406 732
8407 6666
8408 5819
8409 7569
8410 4982
8411 473
8412 3897
8413 3932
8414 7521
8415 5436
8416 2227
8417 7891
8418 4363
8419 7374
8420 4687
8421 280
8422 8333
8423 8296
8424 7570
8425 7114
8426 1391
8427 2446
8428 7846
8429 1218
8430 6427
8431 7541
8432 82
8433 6111
8434 2062
8435 4808
8436 1334
8437 6019
8438 1749
8439 6271
8440 5492
8441 259
8442 253
8443 6024
8444 6032
8445 5291
8446 1011
8447 3759
8448 7239
8449 4619
8450 5165
8451 6031
8452 4801
8453 7943
8454 8247
8455 5298
8456 2934
8457 7195
8458 5108
8459 7750
8460 186
8461 3119
8462 2210
8463 4826
8464 4137
8465 2560
8466 7337
8467 7323
8468 8008
8469 3596
8470 2126
8471 2816
8472 6750
8473 923
8474 206
8475 6086
8476 3
8477 4180
8478 3112
8479 987
8480 1000
8481 6499
8482 3701
8483 5690
8484 1897
8485 1646
8486 615
8487 5042
8488 3866
8489 509
8490 7664
8491 5283
8492 5529
8493 2215
8494 4120
8495 1304
8496 5778
8497 5078
8498 2123
8499 7649
8500 1692
8501 3583
8502 6640
8503 8475
8504 1074
8505 7923
8506 4930
8507 5925
8508 8403
8509 1731
8510 412
8511 1144
8512 3597
8513 6324
8514 6350
8515 3879
8516 5228
8517 6607
8518 674
8519 1730
8520 7073
8521 5236
8522 2229
8523 6401
8524 2530
8525 5905
8526 7653
8527 8222
8528 2637
8529 8152
8530 6617
8531 244
8532 7966
8533 3873
8534 6385
8535 2476
8536 7157
8537 1379
8538 7420
8539 7661
8540 6474
8541 8525
8542 2904
8543 1115
8544 7888
8545 2437
8546 4581
8547 2732
8548 3657
8549 8469
8550 6853
8551 6770
8552 7553
8553 1286
8554 58
8555 8251
8556 7263
8557 207
8558 1977
8559 5808
8560 2548
8561 7171
8562 7783
8563 2789
8564 2580
8565 5710
8566 7578
8567 3527
8568 2742
8569 3603
8570 3212
8571 5610
8572 7166
8573 7275
8574 435
8575 2209
8576 579
8577 4754
8578 3749
8579 938
8580 8511
8581 7537
8582 4427
8583 4307
8584 5166
8585 6185
8586 1377
8587 5610
8588 7310
8589 5206
8590 7582
8591 2245
8592 985
8593 1348
8594 2380
8595 7480
8596 1525
8597 7352
8598 4450
8599 4014
8600 3147
8601 3014
8602 161
8603 194
8604 5077
8605 1790
8606 2500
8607 7889
8608 1156
8609 4172
8610 4060
8611 7115
8612 918
8613 2498
8614 8019
8615 6088
8616 4990
8617 4019
8618 2196
8619 1104
8620 5072
8621 6634
8622 8254
8623 5968
8624 2214
8625 2889
8626 7816
8627 3273
8628 8125
8629 6031
8630 8494
8631 2082
8632 7949
8633 5060
8634 3639
8635 3770
8636 1039
8637 3308
8638 2132
8639 1926
8640 3727
8641 408
8642 955
8643 4132
8644 4137
8645 2780
8646 4512
8647 1008
8648 1393
8649 3677
8650 5181
8651 8200
8652 5899
8653 6899
8654 6383
8655 3405
8656 210
8657 2953
8658 4426
8659 5094
8660 5326
8661 3577
8662 5183
8663 5463
8664 1007
8665 5914
8666 8536
8667 8257
8668 379
8669 2540
8670 1568
8671 1501
8672 652
8673 2352
8674 3191
8675 5481
8676 6806
8677 1233
8678 5562
8679 5337
8680 1184
8681 7951
8682 5649
8683 995
8684 1757
8685 8228
8686 3041
8687 3403
8688 4978
8689 2556
8690 1769
8691 4698
8692 166
8693 1869
8694 4643
8695 1362
8696 1787
8697 3421
8698 1378
8699 6799
8700 2658
8701 2320
8702 893
8703 2200
8704 4311
8705 4227
8706 1813
8707 6473
8708 7116
8709 1202
8710 2767
8711 4776
8712 5041
8713 2366
8714 2349
8715 5266
8716 7721
8717 4604
8718 3618
8719 7049
8720 2955
8721 5634
8722 6163
8723 8113
8724 2139
8725 1404
8726 4189
8727 7389
8728 3225
8729 1138
8730 1390
8731 5581
8732 7545
8733 2303
8734 7672
8735 6613
8736 5421
8737 1357
8738 606
8739 7159
8740 4045
8741 6098
8742 7681
8743 106
8744 875
8745 5496
8746 4251
8747 6687
8748 8506
8749 3519
8750 418
8751 3362
8752 203
8753 1527
8754 6044
8755 3037
8756 7041
8757 5902
8758 2282
8759 4040
8760 191
8761 7243
8762 5773
8763 3381
8764 789
8765 131
8766 7151
8767 7387
8768 7547
8769 2927
8770 3005
8771 77
8772 1631
8773 5967
8774 2353
8775 3206
8776 7869
8777 6468
8778 5431
8779 3532
8780 6820
8781 6775
8782 1646
8783 1292
8784 7003
8785 5653
8786 3938
8787 4533
8788 5503
8789 120
8790 2191
8791 6630
8792 5061
8793 1501
8794 1146
8795 2369
8796 6837
8797 406
8798 4459
8799 4704
8800 2544
8801 3752
8802 8194
8803 3412
8804 7058
8805 5010
8806 3909
8807 6959
8808 6970
8809 3342
8810 3857
8811 3126
8812 3454
8813 7572
8814 3922
8815 4652
8816 5853
8817 3478
8818 7444
8819 4377
8820 1010
8821 2521
8822 3954
8823 1822
8824 8639
8825 5779
8826 2172
8827 8249
8828 4282
8829 582
8830 121
8831 7226
8832 8794
8833 5325
8834 5082
8835 8112
8836 2553
8837 3885
8838 6490
8839 5629
8840 2565
8841 1444
8842 5239
8843 40
8844 3425
8845 6449
8846 4814
8847 8375
8848 1407
8849 4239
8850 1223
8851 7772
8852 7984
8853 4927
8854 1485
8855 3134
8856 6598
8857 5210
8858 4453
8859 3373
8860 4915
8861 4587
8862 4498
8863 6022
8864 6751
8865 7806
8866 6083
8867 7530
8868 8609
8869 6585
8870 5335
8871 2524
8872 8081
8873 4781
8874 5224
8875 4941
8876 7239
8877 5666
8878 327
8879 2524
8880 2175
8881 1753
8882 1390
8883 858
8884 4087
8885 682
8886 2806
8887 1623
8888 275
8889 56
8890 4767
8891 6934
8892 5493
8893 3768
8894 7589
8895 5454
8896 1898
8897 3543
8898 8110
8899 6283
8900 7390
8901 8762
8902 8058
8903 1087
8904 8074
8905 6713
8906 6200
8907 2571
8908 107
8909 5834
8910 4878
8911 2567
8912 673
8913 4607
8914 461
8915 7018
8916 7625
8917 195
8918 2490
8919 8360
8920 3936
8921 3677
8922 5372
8923 7943
8924 5634
8925 8108
8926 4464
8927 7633
8928 8920
8929 5301
8930 2635
8931 2019
8932 8918
8933 3274
8934 7419
8935 2285
8936 1786
8937 8477
8938 3989
8939 4182
8940 3935
8941 7469
8942 8168
8943 8700
8944 7782
8945 1227
8946 1794
8947 3580
8948 384
8949 7074
8950 3241
8951 5126
8952 692
8953 1144
8954 8283
8955 7992
8956 6409
8957 8620
8958 7165
8959 1671
8960 1373
8961 2775
8962 1164
8963 5786
8964 6286
8965 2558
8966 1692
8967 3278
8968 6292
8969 5973
8970 6188
8971 3128
8972 4529
8973 7181
8974 1653
8975 4216
8976 3362
8977 3906
8978 5140
8979 6189
8980 2446
8981 5169
8982 7779
8983 410
8984 3136
8985 6581
8986 2887
8987 57
8988 3635
8989 2580
8990 1860
8991 6342
8992 3240
8993 1701
8994 3792
8995 8754
8996 7978
8997 1690
8998 3749
8999 5988
9000 5888
9001 3158
9002 7813
9003 3852
9004 2899
9005 8852
9006 472
9007 2444
9008 4714
9009 445
9010 3478
9011 8763
9012 3569
9013 6907
9014 8707
9015 5758
9016 3939
9017 4913
9018 5771
9019 3331
9020 1488
9021 1299
9022 7100
9023 8059
9024 8522
9025 8602
9026 5400
9027 6964
9028 6274
9029 6784
9030 4058
9031 1309
9032 6284
9033 2334
9034 2138
9035 6732
9036 8558
9037 4559
9038 3464
9039 3558
9040 1629
9041 2383
9042 723
9043 3958
9044 8620
9045 4527
9046 1864
9047 8115
9048 1480
9049 7852
9050 894
9051 1526
9052 4264
9053 239
9054 5044
9055 7711
9056 2388
9057 6087
9058 8433
9059 3285
9060 6485
9061 1292
9062 7572
9063 7720
9064 4409
9065 6967
9066 281
9067 8114
9068 6094
9069 4204
9070 2716
9071 7616
9072 147
9073 4928
9074 2572
9075 7007
9076 2760
9077 4503
9078 8261
9079 376
9080 2259
9081 1734
9082 9009
9083 3768
9084 4285
9085 4426
9086 344
9087 332
9088 186
9089 7391
9090 5155
9091 649
9092 3865
9093 6223
9094 6789
9095 7588
9096 3390
9097 2296
9098 9039
9099 8123
9100 7545
9101 6003
9102 2626
9103 2465
9104 6184
9105 1330
9106 3722
9107 337
9108 3376
9109 8219
9110 3231
9111 2041
9112 1863
9113 6813
9114 1110
9115 4449
9116 3512
9117 2981
9118 533
9119 693
9120 8856
9121 7400
9122 7214
9123 7961
9124 9035
9125 1618
9126 2490
9127 399
9128 6349
9129 7793
9130 3102
9131 5508
9132 1104
9133 8922
9134 7221
9135 3015
9136 677
9137 3506
9138 1785
9139 1922
9140 147
9141 1062
9142 2316
9143 141
9144 2733
9145 4285
9146 1805
9147 6882
9148 5292
9149 2051
9150 1376
9151 5047
9152 6186
9153 2582
9154 5657
9155 279
9156 6020
9157 6534
9158 3760
9159 4780
9160 6621
9161 4449
9162 284
9163 3999
9164 229
9165 6548
9166 8098
9167 8847
9168 6775
9169 5372
9170 5853
9171 2469
9172 980
9173 2398
9174 1097
9175 1798
9176 1035
9177 437
9178 5191
9179 7692
9180 3751
9181 7075
9182 4042
9183 1493
9184 7906
9185 1692
9186 8661
9187 6680
9188 3206
9189 2604
9190 163
9191 808
9192 5604
9193 8853
9194 6489
9195 3244
9196 7764
9197 8634
9198 8274
9199 1039
9200 380
9201 4103
9202 6239
9203 506
9204 681
9205 317
9206 6479
9207 3331
9208 895
9209 1040
9210 2942
9211 3026
9212 6420
9213 8849
9214 1951
9215 3710
9216 8790
9217 2708
9218 1319
9219 4985
9220 1025
9221 4339
9222 2398
9223 1283
9224 3668
9225 3703
9226 842
9227 3196
9228 1732
9229 1482
9230 5064
9231 1369
9232 6673
9233 4420
9234 7574
9235 2452
9236 2311
9237 6512
9238 3276
9239 5740
9240 7785
9241 446
9242 8845
9243 5401
9244 6793
9245 4964
9246 2710
9247 2795
9248 6230
9249 2365
9250 8988
9251 4192
9252 6154
9253 254
9254 7120
9255 8466
9256 8850
9257 5336
9258 7949
9259 2318
9260 4485
9261 3975
9262 106
9263 5678
9264 6854
9265 59
9266 4520
9267 8499
9268 919
9269 8431
9270 484
9271 6792
9272 5724
9273 915
9274 3662
9275 521
9276 7637
9277 2676
9278 975
9279 2472
9280 3352
9281 5860
9282 8197
9283 6910
9284 8727
9285 1022
9286 469
9287 8875
9288 6166
9289 2547
9290 8449
9291 652
9292 5808
9293 4565
9294 5691
9295 633
9296 8299
9297 8586
9298 5970
9299 8867
9300 2079
9301 6921
9302 5908
9303 2518
9304 7455
9305 5752
9306 6397
9307 3339
9308 8025
9309 6928
9310 2659
9311 4769
9312 8047
9313 7324
9314 2608
9315 1532
9316 1632
9317 8724
9318 5060
9319 7224
9320 4649
9321 3786
9322 7975
9323 4903
9324 6983
9325 8769
9326 7647
9327 6002
9328 2860
9329 1286
9330 3380
9331 9109
9332 2038
9333 8843
9334 1093
9335 3108
9336 2063
9337 8803
9338 6069
9339 5300
9340 4713
9341 4706
9342 3600
9343 8607
9344 5860
9345 1550
9346 6609
9347 7389
9348 4505
9349 1005
9350 2607
9351 8738
9352 1241
9353 7296
9354 5352
9355 8512
9356 442
9357 6184
9358 5926
9359 946
9360 679
9361 2742
9362 5179
9363 196
9364 3858
9365 7604
9366 6944
9367 9224
9368 4461
9369 183
9370 895
9371 5327
9372 4631
9373 9079
9374 499
9375 5497
9376 4660
9377 167
9378 5304
9379 8616
9380 9318
9381 8207
9382 6316
9383 7531
9384 5826
9385 2593
9386 3488
9387 243
9388 106
9389 6042
9390 5675
9391 1533
9392 1116
9393 4563
9394 229
9395 6260
9396 1306
9397 7035
9398 2180
9399 3892
9400 7313
9401 8713
9402 8474
9403 7388
9404 9304
9405 219
9406 6172
9407 8718
9408 9079
9409 1930
9410 8998
9411 736
9412 4963
9413 2597
9414 7641
9415 5068
9416 9051
9417 823
9418 8574
9419 8166
9420 5591
9421 5312
9422 8639
9423 3960
9424 6128
9425 7128
9426 6875
9427 3164
9428 3211
9429 285
9430 6301
9431 5881
9432 2717
9433 6522
9434 4623
9435 8605
9436 8096
9437 691
9438 3326
9439 2593
9440 8111
9441 1787
9442 7803
9443 147
9444 861
9445 4931
9446 2693
9447 2122
9448 1514
9449 8449
9450 2601
9451 8597
9452 5585
9453 1720
9454 4117
9455 7782
9456 8022
9457 3541
9458 5746
9459 5445
9460 4441
9461 2002
9462 8730
9463 2275
9464 5287
9465 8478
9466 2986
9467 2225
9468 7285
9469 5492
9470 5789
9471 5072
9472 3638
9473 6011
9474 8382
9475 4672
9476 1577
9477 9209
9478 4266
9479 1070
9480 6954
9481 786
9482 7890
9483 9050
9484 1086
9485 9178
9486 2381
9487 551
9488 8312
9489 211
9490 6368
9491 590
9492 6722
9493 525
9494 1419
9495 7248
9496 1552
9497 7136
9498 694
9499 3527
9500 2040
9501 442
9502 1978
9503 5934
9504 1282
9505 5767
9506 6280
9507 7092
9508 9443
9509 6432
9510 5104
9511 3907
9512 705
9513 8184
9514 1309
9515 3230
9516 6310
9517 6017
9518 9433
9519 1795
9520 4693
9521 2833
9522 5470
9523 6883
9524 5618
9525 5900
9526 8241
9527 4646
9528 6466
9529 5120
9530 2233
9531 6535
9532 5364
9533 1514
9534 5563
9535 746
9536 8229
9537 9428
9538 5646
9539 4140
9540 2222
9541 1317
9542 8125
9543 4380
9544 1185
9545 7702
9546 3191
9547 4960
9548 6708
9549 8761
9550 7145
9551 5496
9552 6266
9553 6533
9554 1012
9555 8451
9556 6560
9557 7065
9558 6853
9559 8568
9560 7631
9561 333
9562 4775
9563 6013
9564 2509
9565 2497
9566 2075
9567 200
9568 2236
9569 4362
9570 211
9571 926
9572 74
9573 4164
9574 1871
9575 1564
9576 8819
9577 7031
9578 1945
9579 6272
9580 3599
9581 3767
9582 4155
9583 2000
9584 7200
9585 5608
9586 5207
9587 7999
9588 8338
9589 3875
9590 1850
9591 4359
9592 8390
9593 2838
9594 1388
9595 8861
9596 5711
9597 6313
9598 3589
9599 3984
9600 5258
9601 4524
9602 1398
9603 8861
9604 3012
9605 1123
9606 691
9607 1531
9608 6290
9609 6852
9610 8841
9611 9356
9612 9484
9613 2173
9614 3805
9615 7283
9616 4948
9617 2880
9618 5973
9619 8338
9620 5270
9621 1574
9622 7723
9623 4141
9624 596
9625 3734
9626 7842
9627 3860
9628 7836
9629 7552
9630 4886
9631 9118
9632 7127
9633 7581
9634 3768
9635 906
9636 6171
9637 3273
9638 4899
9639 515
9640 8072
9641 2735
9642 8940
9643 4478
9644 9219
9645 4994
9646 275
9647 8864
9648 4750
9649 1056
9650 2831
9651 1730
9652 2480
9653 1869
9654 434
9655 2478
9656 4000
9657 2658
9658 8957
9659 6829
9660 4573
9661 6659
9662 5375
9663 4962
9664 1278
9665 3938
9666 2604
9667 7882
9668 7322
9669 5972
9670 4907
9671 835
9672 6791
9673 5171
9674 5597
9675 8721
9676 2178
9677 6430
9678 8730
9679 8031
9680 4656
9681 6327
9682 9138
9683 2545
9684 7617
9685 2974
9686 5901
9687 7191
9688 484
9689 6279
9690 7310
9691 2864
9692 8485
9693 7137
9694 9235
9695 5222
9696 1117
9697 3099
9698 7894
9699 2080
9700 6911
9701 8567
9702 9253
9703 9555
9704 1407
9705 9013
9706 5982
9707 1108
9708 8998
9709 6954
9710 2753
9711 2826
9712 8733
9713 4257
9714 16
9715 8047
9716 5171
9717 5743
9718 3320
9719 7790
9720 8065
9721 1572
9722 3159
9723 2096
9724 8949
9725 1492
9726 5260
9727 571
9728 1754
9729 6707
9730 4683
9731 2506
9732 5799
9733 8736
9734 2494
9735 2018
9736 999
9737 8810
9738 2199
9739 6556
9740 8097
9741 8435
9742 7745
9743 8481
9744 8737
9745 5019
9746 5062
9747 1390
9748 4820
9749 1494
9750 4365
9751 2447
9752 1665
9753 4953
9754 1230
9755 9749
9756 1656
9757 4013
9758 7348
9759 344
9760 4477
9761 4631
9762 1819
9763 9376
9764 5818
9765 9266
9766 9660
9767 5022
9768 3746
9769 4326
9770 3545
9771 4846
9772 7059
9773 8410
9774 5011
9775 1438
9776 3694
9777 6738
9778 6688
9779 1486
9780 1935
9781 6322
9782 4480
9783 3293
9784 428
9785 6300
9786 3372
9787 1943
9788 1767
9789 7344
9790 6182
9791 5745
9792 4022
9793 5585
9794 5977
9795 7161
9796 6543
9797 8332
9798 424
9799 8034
9800 8396
9801 647
9802 6853
9803 1793
9804 8468
9805 9322
9806 4996
9807 8735
9808 3965
9809 738
9810 8249
9811 5753
9812 8524
9813 2295
9814 5084
9815 4511
9816 2981
9817 2191
9818 8192
9819 7171
9820 3105
9821 1700
9822 2456
9823 5455
9824 5320
9825 9499
9826 9128
9827 1364
9828 2859
9829 3241
9830 8117
9831 5181
9832 9479
9833 7029
9834 515
9835 4236
9836 2011
9837 7812
9838 2488
9839 7504
9840 4740
9841 7418
9842 6483
9843 3016
9844 4571
9845 221
9846 9012
9847 5335
9848 6570
9849 5361
9850 9328
9851 349
9852 5947
9853 9117
9854 7810
9855 8324
9856 7275
9857 6470
9858 8067
9859 404
9860 1527
9861 1315
9862 3225
9863 6733
9864 7606
9865 1464
9866 6318
9867 5829
9868 6530
9869 6072
9870 7885
9871 8990
9872 1904
9873 5416
9874 8348
9875 280
9876 8900
9877 8445
9878 4872
9879 3447
9880 316
9881 4992
9882 5954
9883 2253
9884 9484
9885 1408
9886 2949
9887 7815
9888 2113
9889 4781
9890 6575
9891 9027
9892 6954
9893 2879
9894 1757
9895 5438
9896 5029
9897 2818
9898 7063
9899 258
9900 5351
9901 2703
9902 8389
9903 3855
9904 8322
9905 1514
9906 9221
9907 5418
9908 7970
9909 7582
9910 1877
9911 5803
9912 9648
9913 9642
9914 2664
9915 2322
9916 501
9917 1502
9918 5639
9919 7082
9920 1858
9921 39
9922 139
9923 3684
9924 9456
9925 2168
9926 254
9927 5062
9928 7216
9929 7380
9930 3943
9931 4898
9932 5759
9933 5623
9934 5828
9935 2724
9936 6026
9937 234
9938 8014
9939 75
9940 633
9941 9374
9942 8249
9943 8417
9944 6868
9945 8019
9946 2703
9947 964
9948 1509
9949 193
9950 3238
9951 6893
9952 5293
9953 1323
9954 4237
9955 9102
9956 5110
9957 9409
9958 240
9959 9935
9960 8674
9961 1855
9962 5625
9963 6042
9964 3818
9965 5753
9966 407
9967 4794
9968 3905
9969 6584
9970 303
9971 8287
9972 7631
9973 2497
9974 2545
9975 5199
9976 5395
9977 5746
9978 1244
9979 6395
9980 2741
9981 8688
9982 4376
9983 2718
9984 2597
9985 6815
9986 7957
9987 3090
9988 9650
9989 83
9990 2607
9991 8045
9992 4322
9993 8989
9994 4053
9995 1415
9996 4774
9997 2221
9998 5414
9999 1974
10000 5842
7919 1368
1319 3889
9962 2698
6642 2512
5355 7374
4612 8793
2071 5555
376 5270
943 1839
8304 6083
6792 4611
8593 6383
3781 4309
996 5114
9277 3026
9132 684
6282 8607
311 3236
393 4484
7780 2659
3682 4509
6408 3178
4587 4173
8156 5874
3773 2787
5525 4590
9751 9438
5971 4083
9679 1570
2989 2171
1984 5548
2608 2098
6466 9931
4116 4345
7247 4491
178 5868
2343 7032
744 2079
1171 7211
52 9491
6996 6443
5771 8734
4085 8988
3928 8014
1897 945
2378 7586
2651 2934
6290 8066
4162 9578
9418 558
6886 340
714 7454
9814 7421
7132 3490
9563 9967
7882 2433
4482 7106
6593 863
4162 9129
3554 3722
1824 2757
3163 5164
5317 1102
9170 7286
4956 9641
6772 2367
2872 9835
2837 5003
3974 747
6292 5416
5236 4432
7517 5652
3535 4247
7271 7565
8459 1205
899 6932
5040 7490
8910 4391
9214 4041
1424 4649
1039 4259
3590 491
4860 3047
6321 2058
2741 9540
1684 4295
3959 5182
3138 8898
3921 1344
6965 3069
8976 1771
6957 2176
9644 6162
1184 1462
5803 3963
4191 8786
7067 6264
4955 7079
3956 4972
7170 8240
4415 2818
4963 3373
3242 2958
6148 2707
3470 6548
2670 3280
6986 4767
4584 6382
1100 3558
2324 5587
4887 6867
649 6810
6059 8713
1426 469
9764 6305
8404 4266
5134 9944
4987 4395
8295 2157
2954 3687
8135 9366
3914 7390
3761 9714
4238 8272
5006 2421
461 9345
8110 9427
5969 51
5812 2727
3861 8317
1898 660
9514 1634
3075 1147
3289 8145
4713 8327
2829 5257
9339 9123
8467 4096
8166 9999
9092 7267
4333 760
4929 6401
1481 3161
4135 9422
2399 978
5784 5581
1337 1906
7945 3145
4028 1881
5732 3967
8166 9626
1038 4920
9310 2146
89 1847
4392 4271
735 9206
9569 7916
6866 6562
9741 2920
9810 7816
9350 3635
3957 7766
9213 2266
9942 8099
6439 343
3688 7779
7350 5404
8726 1302
1598 583
2030 5803
1499 6803
4771 4944
2550 1084
5042 769
1459 3579
1433 9441
7360 4059
7704 3735
8511 5254
642 4749
4105 591
227 910
4435 638
8222 5698
1931 6172
4794 5453
8028 3603
4767 3399
1928 627
8420 1744
8147 6403
3227 5763
9504 5906
4181 7355
9008 4459
8757 1996
7926 7208
36 9400
4691 9222
2006 5000
516 1267
7327 8082
5506 9760
7814 4889
8193 8852
5545 1284
8242 6055
3788 6872
9694 8913
1101 1224
7937 4571
6458 9908
2056 4821
6831 6472
7162 872
934 8732
3761 6017
9172 2568
7612 6088
4715 9421
1211 9290
4417 4850
9857 515
8758 3437
49 7062
1990 5451
5798 6504
4421 7753
958 1858
7405 1032
8659 8731
2311 4646
4317 4692
9663 2886
690 1036
9252 4995
4104 254
6191 153
560 6953
6510 6095
9976 4903
1414 7693
9278 639
43 7528
6708 5676
9091 1497
5193 8476
233 9512
4360 9117
8885 2653
1680 8908
6981 6196
7476 3172
565 4746
2208 1700
2068 6188
7378 6534
4351 7779
9205 9968
1420 96
9403 5987
5493 7644
3155 9548
3463 5382
6270 5398
8998 9612
7346 9473
8444 8798
1621 8366
1850 5801
6605 209
4859 4283
383 896
480 8082
8613 7289
6884 8530
7921 4485
9951 4959
5536 2883
7339 5130
5506 6256
557 214
6328 702
3057 9814
7263 8659
2584 4966
5787 4308
4274 9772
5128 3879
1596 819
8973 5953
5202 2707
9950 9599
3016 11
4308 930
970 4041
2255 6156
6849 6399
7511 1954
5543 4295
2505 3565
1301 8274
9662 9621
8404 3948
1421 1810
2777 6756
8624 5624
6419 3635
9183 6921
2954 802
8999 2047
8156 379
8688 368
793 6076
3018 9330
8564 1771
2875 7787
6313 2732
5363 9376
8830 6705
6988 4441
4767 2125
7311 7815
1617 4693
6413 1656
715 7601
649 7925
926 6874
8275 8805
3762 5260
7527 9439
5795 6863
1710 3507
2924 938
4738 2176
6214 1665
9317 6150
5500 9764
888 8052
7459 4483
2467 9164
807 2267
176 3158
860 4206
3949 4462
5490 6021
13 5387
2924 3002
7266 7461
4005 6701
7817 7632
4691 9831
7198 6157
6810 4360
3107 483
4909 1369
3216 9273
3625 8144
5367 7328
1510 3630
4231 4763
1717 6486
6835 9484
9347 2260
2307 5412
6115 6639
8653 2527
8252 9365
3667 1953
8159 7573
8444 7202
569 1264
5332 29
1481 1323
3890 4150
6655 3942
5656 9519
9785 5532
6258 8
4371 6989
5223 7340
3626 165
7030 5204
2391 5289
3450 1882
6521 9729
8954 636
4240 1631
8418 7225
375 68
1521 2107
2352 4871
6906 1712
13 833
9705 8231
5056 94
2835 57
7723 2502
1504 3932
1620 438
782 6815
8751 1927
9352 8367
3666 3671
803 860
7677 9169
4872 583
5853 7116
6360 4155
2873 3488
1983 1891
6330 5134
2388 4357
9300 4931
3095 913
9268 294
8105 3458
3576 341
5350 3455
2106 9862
4608 6734
1696 2090
5869 6229
4252 9401
2686 9693
2951 7779
7087 1128
5605 4431
6564 4869
5904 4640
5012 8827
6895 6684
6763 6786
500 4789
8452 7720
5427 8417
5334 5414
5210 3038
381 9606
2141 1481
8804 8133
6651 3561
46 9289
3992 7029
8101 8573
1755 700
7234 6770
2275 5958
4964 759
7211 6961
2325 4857
7003 8816
2223 2676
2320 2506
9058 4576
3034 1145
3303 9205
3247 6757
6329 6440
2850 3884
4260 7650
3163 1724
4712 2944
5892 4650
3625 2047
5564 8194
4128 4610
9659 483
9960 4620
156 3117
2895 4988
1566 3321
3292 7636
4420 5132
5158 3155
6842 7481
7085 233
5959 6960
9550 7296
1429 9261
625 2228
2517 5785
5603 3713
2556 9127
8814 805
8998 5243
5041 7694
822 1666
9791 3461
6413 6777
9090 4569
2180 5358
4842 8553
2781 1453
5049 7333
3883 6799
8528 6904
2163 3195
2334 4738
318 2531
2342 7120
4059 567
6406 1138
2219 4552
6495 6599
508 4270
200 7637
8739 5090
774 5634
6047 5762
2716 3861
2638 4221
4807 6374
667 4059
4609 4900
9797 6306
3915 6038
4454 8356
3811 1363
3429 9838
4677 392
4505 6433
9775 5751
9253 7050
1822 8107
4429 1730
3562 4121
9289 26
1543 3882
52 3903
1324 44
3729 8248
7745 5773
1493 5171
8438 7632
762 9667
5553 5764
3741 9161
3205 2857
7245 8856
2821 953
7844 2520
9124 6925
5988 2948
8669 8736
9044 2745
4631 5548
7520 6996
7488 7806
2698 2231
7457 7920
5248 7221
7035 7873
1233 7694
7462 123
2596 6882
8211 7171
9684 1715
4463 7781
1432 7210
8760 6246
5198 1517
3455 8243
4797 7845
5413 5400
2278 7784
2851 4127
6411 576
4860 2116
5345 7704
9392 1078
6074 5267
3582 5603
7787 5767
2865 6797
6585 80
3639 8139
9267 4718
2216 4901
2578 1422
2133 8480
808 4146
3569 899
4262 9357
2529 3718
844 5714
7587 7776
1892 6242
493 1494
4651 3547
7712 2475
6547 3451
461 6063
6009 6515
1902 74
8005 9377
1103 6513
9792 1400
1244 8371
7158 8680
6937 640
385 9847
384 5269
6097 6564
9320 1722
3847 9516
7921 5247
4784 9757
4252 516
9676 6406
4614 9256
3409 5848
6361 1185
8142 7707
8452 9447
172 5915
657 8334
2260 4777
2216 4785
4106 6631
2928 6331
2678 960
6986 2188
8752 6868
8011 5955
7881 7488
5822 5857
4481 3330
3352 5904
883 1284
4280 4995
7407 7499
1849 7821
4203 984
6353 6167
432 8465
6481 4290
1000 7858
4210 7004
3238 6955
4364 2233
2653 4745
8185 222
903 5230
6255 2034
5165 9173
3597 7607
6012 4518
7692 142
6103 1038
591 1319
6584 8034
3144 2569
9664 9338
9231 9049
8112 905
7651 4054
7881 4959
6634 6880
8130 7817
3275 1698
4172 9793
5520 8566
5872 4324
7761 1683
2714 7367
2685 7991
5285 3306
9966 9721
626 6550
4412 333
94 6728
3128 7620
6860 9668
9910 8519
1806 5051
2906 4813
8917 3045
5593 6926
453 5151
7285 9686
6936 566
1053 4252
9065 2539
6704 5667
7911 5048
6350 6985
1586 6665
8453 1098
7017 8650
8410 8999
3112 8850
6704 2843
1785 8174
3056 6879
1847 1212
9497 6154
6279 5387
6169 2989
4601 6674
2633 7883
2629 342
9943 5475
8715 2339
157 2295
9313 4323
3840 2097
9480 5054
3866 8011
2723 306
8390 7854
4059 6952
3659 6418
2725 2311
7831 7495
9153 5939
8763 4392
3905 4146
4298 4991
72 3712
2006 4818
1049 5891
4723 6118
825 2645
7588 8187
7486 9062
6995 507
5636 5480
394 9095
5913 3559
338 8581
7643 4805
2115 7473
8487 4125
3407 5377
8910 1236
7999 5338
6612 2399
3507 4151
7403 106
2654 829
1358 4311
5112 955
7894 3926
7581 5147
8916 7494
8514 1389
111 3799
5126 5513
1899 1061
2998 467
4233 6477
9179 7591
7032 8235
2946 8981
4080 8241
3254 9538
7705 9448
878 6447
7744 2239
3660 3807
1606 562
1605 7855
2898 136
8259 8245
2031 2928
5061 9886
12 164
103 2156
1363 1410
4827 2069
568 3982
8064 9015
7995 6549
4473 9373
6379 567
3916 3085
1242 5633
2961 8445
7145 9460
8487 1396
1106 7349
4046 3451
834 2100
6064 1512
8108 232
8025 4480
6370 7876
7362 4951
7578 8782
1013 8238
1554 4059
5591 7283
6001 8107
3636 1318
9551 2224
4784 4595
785 6724
9800 3890
3604 9409
2344 3469
281 974
8744 675
672 9240
7398 3611
9213 573
2689 4336
1912 8358
5431 1837
5637 6084
3710 7291
4466 7438
2178 1243
322 9157
4677 3630
8907 9641
274 9692
9657 7638
2104 1224
1505 9470
5233 607
8465 4015
2572 1292
2719 8647
2424 6230
3579 5988
9083 8143
3516 6516
1477 5358
8703 1101
5181 2623
485 3234
2303 2748
11 4907
4470 1405
3270 626
1723 2725
2060 4079
9622 1215
7420 4888
1034 7884
6776 1851
2953 3592
87 7430
3383 3402
9861 2124
4733 5972
2921 5307
1862 8328
8212 6512
209 7750
3785 749
7837 7279
7038 5492
6410 1028
9440 9318
8967 5529
914 8209
8527 233
3547 7140
5096 5056
7147 5376
126 4213
4581 2244
568 7919
5045 6740
1367 1306
4240 7407
860 5187
224 2338
787 2379
4235 1910
9983 9250
1695 7541
2474 3822
3462 8190
1900 5222
8766 7739
1926 6307
2270 78
7685 7956
1990 6784
9456 5520
8089 8611
3137 7830
5364 4885
2028 1189
3665 1309
9702 7259
3993 7850
5901 4353
5560 9605
5926 3846
1747 7310
8171 8663
9872 4716
4183 9997
7775 6699
2314 3028
5907 5745
7007 8083
3762 3116
6340 9131
7900 7050
2010 4244
6736 8562
3649 7371
9247 2861
8158 6069
8537 918
6885 3659
1911 9444
1461 390
5257 690
1456 2682
52 8757
4642 8828
5479 5313
3694 7997
7124 5718
6982 7584
1858 3679
7039 3348
2410 7371
2615 8721
8455 4914
2412 9875
187 5829
4358 7534
6824 5688
265 3044
5489 6492
6890 1548
3627 2105
4898 2991
5583 989
2224 1376
3808 1101
4332 3626
6797 4987
6530 9393
6657 4509
466 4249
8583 1238
4565 2587
8817 2763
7647 3878
1526 8450
1209 5742
2113 698
4500 4499
7617 8801
6872 953
394 6595
5779 4959
9282 2184
5507 439
5077 6513
67 6743
454 3426
1593 8096
4306 6612
4903 9956
2543 1713
1119 420
6632 4779
8130 5941
3938 9392
1313 8522
9872 4849
9403 8811
8662 3391
5729 7348
5119 9955
4453 1657
5874 6942
6427 8734
7856 6769
2661 2383
7507 723
6691 5769
3616 5534
6452 9000
7087 8374
7044 3459
5775 5561
3202 9181
9070 6358
8260 6139
6010 5350
7875 9820
1883 4801
3816 6457
6703 7643
4776 2680
9102 1048
6329 7022
2973 4196
4931 8376
8894 468
1502 3771
6370 8074
3677 6971
423 2810
1013 676
5732 8319
9773 2301
2272 1799
7155 2753
8478 1059
334 7288
6126 8344
1628 8254
8520 2277
1282 841
4857 6828
3487 9059
468 5279
558 9615
5293 4609
9612 646
7511 6860
2250 6771
2404 9
936 8280
9725 4579
7916 5590
7988 7129
8519 2161
416 1162
1511 6534
7308 9179
4939 7654
243 4414
6518 2700
1017 2135
8875 7005
6711 7294
9540 6905
9247 6522
1560 4611
5015 7197
7511 6479
7411 2504
9966 5493
6579 4181
2713 5724
8817 8790
5782 7548
7791 4107
7678 304
5005 3606
5359 4419
6659 963
283 952
7066 9506
6557 18
568 5196
1760 5930
379 9399
3664 4585
1143 3558
8517 7424
3353 8896
7463 7004
7117 583
6093 9603
2854 3660
662 8002
2195 5463
6527 1071
5834 4879
2659 4661
7766 4611
983 1924
8424 9407
4548 3986
8489 9083
8478 582
5319 9655
3511 7304
3727 9598
7946 4195
1352 7980
2810 4272
5672 7375
2680 3022
438 183
1444 167
2651 2076
8641 36
1774 5121
7658 4773
8043 957
3524 1872
3022 9769
2367 6640
6482 1620
5867 4289
4518 8623
7220 3855
3017 4599
9410 4142
2673 6318
9995 4989
9637 4991
8445 1544
1929 6775
3940 9891
1270 9595
4236 299
2522 6750
2518 3899
5059 4803
9355 2509
1137 753
9190 6845
1824 9205
1863 6272
1928 8626
6536 4094
4396 4892
4749 5494
9279 9556
3393 2302
6610 4494
1107 9455
1839 8569
3393 5316
132 3006
4381 9265
6267 2219
6098 8776
4017 5315
9875 6724
5633 1898
3737 2524
1824 6165
7557 134
5202 5484
8889 5433
8849 8839
2516 2164
3216 2565
503 286
2436 8888
2856 539
89 9364
1779 4783
1442 350
1002 8619
2165 594
6728 1770
1189 8853
2206 5381
7768 7791
1199 8705
4077 2898
1519 985
7112 5331
7725 230
6120 8922
3227 2754
2106 3983
884 3414
7802 3214
4166 5762
7974 6874
2477 1648
4683 9575
2368 3175
3261 2306
1415 7444
2177 2406
9758 4868
5816 6832
3028 1220
2312 6775
9821 7053
2409 4296
8074 3622
887 3223
7607 2933
202 4413
8539 4822
4269 7017
7096 7660
9338 8059
1013 6489
1734 714
7744 6910
2790 1883
9947 1141
3921 8544
7143 7009
7518 1817
3065 5809
7130 9942
5401 5642
6350 5511
4113 942
9634 1015
3878 4292
5230 8459
1010 9767
8361 7780
989 3320
4754 6737
4865 977
360 9342
5093 8589
8135 28
57 5630
7901 1336
9353 2887
1703 2210
5661 3660
4317 9773
4155 9793
2398 7601
1032 6719
2021 2481
8996 2333
9282 3808
8469 4901
1439 5092
5858 8882
9556 3195
672 3178
2114 2947
8164 890
4133 1557
4793 3911
8912 4045
4735 6444
6166 2480
440 5812
2222 9568
8734 4396
2629 8986
6875 5684
6811 5718
534 4232
7417 2269
2157 4282
3121 8253
9305 5647
3373 4230
6533 300
8160 7599
5918 8356
880 4968
8674 8583
6953 365
7883 9667
5098 2872
8686 9613
9099 9591
3781 9552
3274 6063
8026 2820
2330 8988
9015 7084
3958 2506
4361 280
9039 4004
3712 4827
2102 1497
3723 2021
4843 7341
1581 2924
950 7716
1226 8452
3857 1450
6687 9768
6814 7155
1203 498
7542 1935
4976 3729
8098 1454
2302 2341
4189 9917
1830 4879
9835 7520
4516 4223
5147 4164
1873 1680
8296 4417
8035 5441
3337 6158
8103 9739
1233 8770
2171 9087
7981 3138
1485 8484
881 453
8320 5893
724 5957
4819 8191
720 6911
7591 3402
8921 1527
2165 6936
4048 1146
8286 1590
1641 9797
970 5455
3041 7628
5303 7270
7666 8489
5633 7613
6534 7862
3081 1402
6968 9236
3498 8747
380 9066
501 4780
7428 3445
1482 4287
7771 6767
1805 5688
104 4481
3740 5844
8644 2808
1486 1106
6390 8793
827 6369
4373 7261
2375 3467
2058 3068
6878 5336
5751 4293
7109 6895
5178 4193
1757 7937
3345 6679
6880 6565
1867 5512
8599 7394
5701 643
5882 9681
3001 2715
5648 855
9488 6358
7939 575
1401 9303
6624 3948
8616 9644
6724 7925
7304 7602
1566 5133
798 2035
5103 4813
2707 6496
654 4954
3652 6218
5504 3849
1511 526
4037 4164
6900 7743
8565 9934
6820 8977
5864 1411
6982 4579
148 6486
9510 5752
7903 700
5612 9330
6516 2522
4364 388
6551 5293
403 871
6415 982
2495 3166
5055 6956
5770 6882
2521 2632
3495 5870
6427 8889
2167 4367
7681 2764
1757 1908
1201 4049
7066 4395
8132 7059
6556 2900
6470 307
584 7264
7096 3421
6641 3804
1105 4934
7650 5324
8776 9261
739 1255
5707 1674
1957 8919
3201 6531
4784 3727
2919 366
251 9770
5769 2574
6620 2562
3132 8078
8972 2235
1592 4817
227 623
7823 2217
4745 2955
8707 2379
2078 1431
2985 3753
4739 461
1274 3801
1095 6473
2187 6637
8733 146
7753 7422
7241 6287
2507 4414
7438 9277
8978 1392
330 2577
6859 2281
4154 4299
4576 912
3221 7927
2587 4227
7467 7738
9806 6382
7016 5239
3448 9692
3282 7519
409 3112
2864 5821
1266 4293
2640 6491
3035 2793
2552 79
6341 3754
2518 3498
8395 488
6697 1508
6424 7915
3927 3600
6858 2663
523 9648
7330 9240
2348 1204
9975 705
8427 4957
9764 5863
4425 2314
1424 9613
4383 7942
523 2639
7250 1042
918 7101
6926 479
777 9823
9842 719
6769 1953
2443 5374
4969 9244
1788 4295
210 600
5291 6879
574 7586
6462 8220
5047 8779
6251 6866
8476 8107
1008 5555
9077 1866
5922 1676
3646 7252
8441 3522
8983 4724
5441 4832
7183 1505
7991 8129
2199 8517
3168 4914
9135 8268
7410 3590
7768 6733
8135 2595
2570 875
3278 7577
6979 8448
2453 7056
5723 725
7168 864
1773 2132
1388 2395
3357 3254
9223 9757
3563 5316
5673 6635
8566 6006
6767 1416
7466 2874
2063 6804
1901 4913
5827 1498
5077 1358
7944 7912
5305 5390
2003 8412
1749 1212
8099 5161
7546 2634
5007 9105
2811 4581
6735 9027
3485 3320
8904 8297
2472 6281
3888 6510
9952 7351
3898 9231
7148 291
8962 9167
8249 9401
8463 7018
2005 9747
8831 7837
1119 874
366 9510
4717 9604
5644 5508
271 290
5264 7727
8843 2468
391 8924
311 1341
4947 9184
5468 973
1532 8575
1771 5435
9312 1737
7569 9540
4262 8730
3983 7861
5927 6142
2732 3602
1328 4273
7151 1292
6752 1906
112 1453
5376 3422
1009 2532
8847 7742
4234 7606
8187 9046
5664 57
691 965
5073 1587
6641 453
1767 6005
9834 5112
8318 99
2929 4731
5008 7237
5050 5790
6868 4183
5151 7145
3692 3157
8353 7020
5825 4346
8515 8811
5898 2338
656 8917
5088 2434
5892 7638
2275 1469
5948 4240
6212 2263
5126 4333
1981 7812
5198 5916
3293 3144
1267 3491
5479 5824
2970 6069
9684 3746
1621 9503
6158 3016
4003 2574
8897 6706
3651 9731
9656 1229
6836 9947
8584 2237
8594 6846
408 2763
177 7024
7036 4799
517 8603
1856 6296
6607 2129
5509 5888
2450 8167
8580 9971
176 1044
6274 4023
6600 2295
4489 7970
9654 5524
982 3966
249 6469
7848 4979
4189 2087
6209 6111
4750 5226
1767 6179
5084 7491
9105 2092
718 8891
4421 6507
8352 8021
4558 6500
1494 1339
6653 152
1101 9383
5749 7740
487 702
2457 3396
4024 4029
8388 391
5997 2724
3684 5827
6735 9222
1127 529
5903 8834
5255 5551
3883 7735
1978 1468
3209 9400
5637 5807
2736 1563
516 7741
7349 4557
1118 8151
1285 684
8137 7122
8963 931
3328 4511
9476 6296
5978 9882
3948 4793
5600 3606
5313 9556
2374 9270
9785 1076
5066 4765
906 5680
1942 4564
4735 3246
7579 2845
938 8590
4693 7165
3756 5211
4134 3965
7255 9977
2963 7264
3864 9028
1165 2323
4827 4160
2470 2208
2766 5601
2187 1533
8 5847
2203 4628
2092 299
139 2783
4145 6022
2079 2017
9542 7915
3939 1084
7725 6844
473 7287
358 6005
1834 5779
8233 496
7909 5652
5909 8183
4531 9920
1442 2978
6183 9296
794 2167
9765 6654
9788 6294
4037 4112
4613 8556
6643 6969
102 4338
942 9755
9263 8243
5066 8893
7920 4737
1585 7308
7946 5396
1728 3324
863 9399
3298 3709
7370 7444
2241 7845
4888 4132
8073 9345
3538 5420
858 8239
8867 5839
4324 8085
1140 9305
3687 5202
5345 6447
3242 6610
6462 4808
200 3252
3990 9262
5462 685
8908 7781
4298 1222
8763 987
5498 8505
8806 126
710 450
464 7948
7500 1935
7119 9295
1825 6208
7494 5031
1999 4353
5005 5792
7509 4140
6781 7005
2337 1870
6708 7491
4395 526
4894 7797
2704 8965
5948 7816
1285 6731
29 9640
1740 3972
1277 9656
7771 5853
9963 6909
8121 2381
3803 6538
676 6818
2642 4725
9615 5677
4399 795
284 1754
5241 6698
887 4954
426 5741
9774 5853
6919 5549
553 9432
1043 8007
7515 9784
277 1503
417 9284
3123 1122
4655 8041
1225 3351
1008 3446
4821 9123
1142 2970
1116 4860
8681 1400
3909 9662
2472 2032
3496 1896
2528 1562
8470 8856
7484 9868
9513 5502
2891 3464
2667 4499
1131 9956
3792 6706
9866 4816
39 168
3060 8239
5101 6082
2028 754
3331 7232
9024 2763
7154 8161
8795 2818
8525 5361
5857 1656
9804 8694
9683 6506
4306 2698
584 5706
8090 8921
1253 254
5876 1075
2153 1233
3127 835
1922 2511
4331 8698
4531 1508
4519 126
49 2681
2275 2931
5216 1449
2098 7370
5049 3639
9340 5655
3955 3572
8457 4972
8220 3114
342 3458
1853 9663
9039 8740
7213 6958
7329 1297
6718 9482
1531 7651
9841 9945
757 1041
7044 618
2279 9008
9422 2464
9541 3735
8980 6134
5502 7684
1034 6230
6631 5891
433 3289
165 9037
8059 594
7642 176
3777 4300
6010 9601
7999 3078
9362 8351
8232 4593
2207 645
2298 3445
5916 303
7126 87
1380 5590
5603 4947
920 8158
5588 8135
7092 836
2732 3234
4469 7092
7288 6004
3213 8270
4334 6981
3201 4779
303 2713
2863 5958
5892 6847
3196 6050
6296 3400
6885 2585
6350 5060
9829 4818
4293 365
3215 6151
1342 4917
4725 281
3163 3177
3608 609
3851 4464
5648 7806
6179 6933
8942 754
9173 1046
6371 4074
455 7790
4513 524
1117 1770
7717 7550
2262 6313
6243 8974
9611 2657
3970 2019
1964 5946
7846 8169
4380 4444
1659 3987
886 4325
8383 1296
9031 9975
755 7245
7138 4604
7272 6130
846 8549
5959 8708
3539 9137
4799 7865
2538 4044
8756 6914
833 2826
9317 1717
8706 7607
4768 8214
2228 6122
2246 6128
4370 4888
1981 5813
6904 33
3934 2231
3577 1712
3669 7450
106 9680
175 9631
4200 2527
7959 5303
309 3948
1532 4052
2371 6641
1668 3459
4423 9837
2527 3335
4819 1350
8769 4074
3762 1009
5143 5851
6621 7781
4710 2294
8313 9507
4836 5426
4863 8725
9678 8323
2858 759
3093 3842
701 8238
1220 7901
2434 2836
4198 7828
509 6052
6043 6298
7958 215
8942 9468
7088 1513
9377 5068
4562 3715
5163 1711
5707 5639
6170 4243
8796 7942
6883 2482
5460 1372
8181 4969
7597 2504
9124 9265
6899 6543
1085 7878
9851 1603
3650 977
6726 737
9256 5764
7659 8075
3891 6399
4586 678
7283 8556
5675 6293
9420 2044
215 287
366 7843
4557 2056
2923 8460
8276 5319
5559 7091
7362 6205
9587 5052
2400 4358
8313 7267
1467 1756
8981 5163
1462 2459
8398 1473
8117 5121
9083 4844
3942 4015
1040 7613
1135 5962
3375 7597
8277 7267
2763 5302
3412 7867
682 1460
9833 8186
5880 5485
7683 3023
2741 530
8311 1532
6194 7972
1475 8574
8235 6123
6398 9900
1092 9874
8095 5696
394 9752
8179 748
9768 8570
6825 1419
4285 3806
5559 4407
8773 5831
8660 1247
2576 1096
9277 4503
6656 4896
7767 9844
3129 5050
842 6574
5448 8994
5977 9659
3350 4840
7803 8739
4207 5811
5889 5740
724 2970
125 6981
3667 118
8149 2056
4519 9566
656 4164
2696 9442
1705 7421
2533 9050
7003 3280
1885 833
3272 8822
5335 476
1446 3441
9006 8912
4806 3665
3944 6229
1422 1686
3180 7141
8847 5088
191 7846
2879 4287
5156 8225
4223 4193
6148 9394
7657 3122
4665 3702
9198 8923
3806 7280
3350 1012
9881 916
8094 8123
6715 1931
5789 5995
3205 6484
88 4302
470 9583
4002 1894
8642 984
9813 6003
8046 8969
9634 2823
5246 1976
8501 9728
2067 8123
7110 4723
6641 9520
2974 485
9219 7251
9882 3939
1135 4619
4619 9898
3848 9893
9811 4102
5525 4699
6961 3935
2825 2709
4536 1601
9075 9700
1957 4880
1790 9394
4677 2773
7000 719
4969 7787
3697 6609
1310 9646
8594 1096
9757 6751
2026 7679
6070 5559
366 912
1157 9006
4280 3647
953 6818
621 5099
2394 5927
1671 315
6222 5259
1750 1233
6664 9198
488 2180
7394 8398
5539 541
6200 8706
416 2069
7246 8155
5383 4058
7540 7215
6802 6465
2394 6447
311 1514
6882 3658
1927 9419
9712 1330
367 5328
8968 8813
4339 3951
4479 9722
6159 9442
2902 4475
466 7660
6797 4329
4517 3444
2973 742
7566 4421
1156 2657
6320 6603
3429 4466
1828 6937
9352 28
5724 1467
3965 4695
3858 6831
1604 951
3436 8191
4228 8428
7341 7229
6829 1749
7385 4416
7008 8829
7860 4106
2378 9972
5747 6283
3840 867
1397 2008
1586 3040
7507 5947
7141 7324
1893 2469
2004 6102
8441 8936
363 2270
5096 7284
8546 6888
7263 5629
7222 145
2126 2356
434 4173
2458 8376
1009 1238
6538 9388
7549 1930
1947 5834
8975 7721
765 5106
6099 9736
9647 4603
3508 5708
8122 7924
3887 6992
6394 7343
4316 591
3946 2850
7073 4002
8204 8525
6794 7746
2530 3358
8952 1523
242 1132
1033 9437
7105 1863
5292 6214
6598 5043
9971 7777
9018 7338
5445 8436
986 2806
542 8792
6576 2188
8983 8457
9433 826
2975 4053
2002 9042
8404 9438
4614 4360
7143 7065
2923 9523
6319 6199
1851 5177
5035 222
3025 6414
6696 9560
3946 8350
3046 7398
9157 622
7290 7447
9708 9034
2802 4683
9233 5121
762 4827
8990 8638
3203 7057
8981 5605
4040 5530
7331 2201
6254 7598
4665 8999
2091 9738
4147 4478
9656 8632
4649 6220
9748 795
2248 940
3065 8163
1842 7889
9669 3200
3128 4746
5534 7776
5424 808
4546 3833
7118 3153
2004 718
7004 7427
2971 6020
2866 34
5114 9677
2361 5952
8180 8871
1245 8946
6507 1277
1273 4435
2026 7195
6020 8998
2243 3269
6883 8067
887 7794
5285 4189
4297 9634
3960 8559
9722 3847
822 8019
1373 6553
3214 2694
7825 169
434 6543
1099 7692
740 5034
8945 5818
1113 5649
710 8805
2563 9922
3039 7133
1116 8494
8214 1011
2973 2182
7146 4873
8747 6300
8348 1291
7907 9700
2441 1077
7603 369
9375 5442
317 8642
6671 7352
1796 8346
4630 754
7399 6665
6298 6933
1598 5301
592 4413
8309 5753
8239 7887
876 9055
5572 2993
3584 3505
5155 3791
4357 7739
1047 324
4111 7529
7606 404
3001 3064
5175 4187
8662 6471
2986 2927
1224 2064
3487 6448
9579 8114
7041 6271
5725 9488
7239 275
3550 5080
5847 4111
3802 2562
9336 7016
8471 3813
6480 55
9853 5864
4795 1773
1957 5780
5239 9104
9288 1227
2457 7647
1182 2834
369 6353
7568 8495
2856 4404
3277 4124
4827 3006
7812 4424
4316 159
592 7873
9989 6797
2387 9165
5180 880
8423 7187
1115 5522
6930 7006
8399 1798
7481 1555
9969 1897
