944 303 1000000
839 520
723 636
510 728
727 281
610 183
650 846
607 621
385 1
333 647
283 463
625 897
304 173
210 854
911 237
507 559
233 619
206 777
201 165
794 302
874 440
47 215
426 558
831 928
638 160
103 503
919 334
328 576
775 18
171 48
281 734
759 300
408 390
794 728
500 763
319 582
643 316
464 628
769 884
526 209
379 510
285 280
735 603
406 552
710 719
693 589
736 387
799 907
428 896
544 846
304 427
380 170
204 609
128 734
508 73
801 827
145 465
861 70
79 78
207 213
521 934
538 209
146 691
637 221
403 114
620 259
263 50
301 942
787 567
773 695
753 302
801 567
237 537
569 912
819 832
316 478
611 257
254 438
817 852
11 153
191 420
250 719
147 398
380 845
341 913
618 501
55 156
25 902
194 145
655 27
648 808
293 461
218 651
639 869
347 360
677 376
32 485
560 19
440 404
841 379
151 16
340 462
618 788
827 514
589 933
573 347
184 791
807 932
827 437
143 754
551 462
298 921
808 176
818 933
911 912
870 101
171 330
583 530
236 208
901 634
465 181
371 882
710 674
722 869
391 809
284 432
387 897
37 185
280 747
657 520
200 668
258 831
274 472
502 645
732 764
692 121
720 170
320 235
880 469
778 593
407 398
376 861
855 236
339 185
278 652
488 9
342 579
882 49
490 129
34 121
144 445
483 575
610 752
413 683
303 785
320 40
446 318
937 700
579 590
428 826
419 831
149 70
10 13
44 453
536 65
491 821
86 205
57 124
769 797
139 99
177 898
775 27
529 944
783 537
330 274
841 500
349 576
49 67
15 69
341 400
825 70
176 935
557 374
817 900
837 271
797 550
145 3
105 546
126 775
554 861
799 441
930 488
52 754
204 590
881 606
377 589
36 250
233 457
357 151
590 106
820 46
567 871
374 617
460 562
595 347
73 935
277 682
569 496
235 282
780 461
154 609
639 568
430 763
720 885
695 130
788 835
940 436
891 433
84 116
920 915
485 459
523 671
348 174
891 545
911 102
247 640
938 365
776 577
15 359
249 646
270 337
756 152
66 941
207 783
636 317
875 247
23 86
272 895
211 390
146 583
361 581
160 101
853 359
353 246
855 69
657 884
341 361
276 593
352 389
65 170
359 625
278 454
369 703
220 60
667 864
50 425
545 518
927 110
538 416
563 70
923 176
22 843
693 605
938 828
228 44
937 84
431 9
696 518
651 702
7 854
688 215
496 481
281 552
897 73
337 369
71 615
926 638
921 310
122 490
803 123
871 46
295 800
806 327
670 519
816 373
782 651
262 736
28 609
708 343
741 853
7 477
425 220
757 842
538 667
805 41
901 394
248 121
623 399
90 18
463 728
190 565
189 911
22 760
35 713
