670 338 1000000
2 161
563 366
382 526
289 14
582 153
463 46
90 254
517 508
35 111
638 94
34 669
23 463
380 227
287 551
142 452
167 368
203 529
559 455
25 628
403 236
252 576
179 15
143 489
551 209
562 646
155 82
597 344
129 49
158 350
148 179
312 599
568 41
174 133
448 345
456 131
605 575
19 82
369 55
585 580
251 365
470 359
491 198
275 544
379 78
301 323
362 410
316 374
112 422
293 264
286 627
202 494
461 438
159 258
547 123
411 53
566 221
82 474
152 561
473 491
392 374
202 579
231 375
193 431
640 56
352 387
660 270
41 88
315 51
459 362
502 277
485 547
79 345
197 409
354 520
40 426
522 108
338 352
233 150
577 206
497 571
514 525
661 446
221 432
326 426
341 82
395 507
229 530
506 670
645 105
353 318
128 468
358 228
230 66
5 307
482 435
552 13
440 656
503 563
502 400
586 637
58 359
532 382
333 467
59 32
173 281
670 393
151 489
256 354
174 16
23 359
393 541
187 453
55 387
309 449
444 126
102 484
626 307
588 271
606 611
543 591
483 36
668 464
654 330
508 279
317 610
528 434
25 441
358 410
506 666
231 643
562 622
502 219
153 327
595 60
301 309
109 349
366 323
359 611
506 572
88 599
2 589
639 657
247 179
108 130
45 100
541 57
17 579
288 574
589 359
317 248
157 178
79 157
650 54
297 407
180 122
153 300
606 173
516 341
595 470
308 211
453 17
475 173
616 289
316 592
321 272
408 40
323 668
445 112
464 108
622 129
197 394
82 450
108 320
326 305
213 30
288 554
593 287
247 323
12 84
472 557
544 37
577 641
73 153
518 275
429 611
322 419
66 512
667 528
552 303
294 414
22 45
438 17
261 467
440 281
492 105
212 223
71 389
197 106
89 231
147 422
362 173
278 173
101 118
252 10
286 650
171 185
50 218
164 111
114 223
360 13
42 646
570 97
544 192
179 185
186 497
133 593
475 423
582 467
416 581
398 335
176 603
264 571
486 93
530 354
414 340
542 55
64 234
8 582
552 24
229 179
389 205
128 27
408 272
94 400
307 451
554 647
338 235
358 483
153 123
298 625
350 249
276 90
10 31
124 284
492 645
287 392
267 313
155 540
31 270
401 585
479 509
210 401
305 260
662 506
412 227
481 228
486 596
380 314
519 595
329 362
283 641
358 375
486 520
308 363
571 156
551 175
88 640
7 535
539 377
124 511
45 326
208 48
555 55
359 7
582 506
575 252
96 168
316 447
160 413
512 445
76 643
167 172
89 291
364 151
658 348
503 202
468 273
334 366
494 539
97 140
125 520
199 176
78 662
642 143
519 65
345 328
112 426
594 314
543 567
224 584
491 171
637 219
405 358
9 4
70 13
230 540
340 78
330 363
172 81
665 22
18 579
177 26
561 59
110 309
604 586
548 636
502 486
646 175
413 131
522 657
562 387
525 306
579 208
536 111
305 219
584 443
361 20
626 192
310 627
76 657
154 336
573 116
565 252
374 414
578 604
127 207
637 464
473 440
