557 284 1000000
10 166
72 340
465 82
75 510
542 148
453 358
344 21
238 467
197 44
370 195
198 378
24 195
512 177
311 498
338 319
357 496
359 154
448 38
437 70
324 22
3 170
270 274
505 318
197 351
12 255
315 489
470 112
131 338
509 66
259 74
218 390
552 477
264 52
467 42
296 86
537 377
299 210
386 187
9 99
261 8
334 395
7 251
259 110
11 193
187 357
205 514
21 484
153 287
444 403
180 176
331 113
316 489
164 513
8 10
482 434
229 477
203 417
384 552
144 301
440 233
62 190
214 147
351 270
43 120
290 219
432 527
67 434
325 201
465 132
385 473
184 317
303 130
46 10
296 112
219 382
173 431
439 340
146 94
458 359
323 345
186 261
257 310
236 366
305 27
383 369
103 326
110 166
505 182
328 98
503 24
146 346
408 290
119 505
475 373
361 431
220 221
342 147
136 375
132 79
165 225
512 441
420 368
44 43
145 79
317 202
147 528
379 464
423 394
278 10
472 436
27 285
361 32
389 136
520 159
324 300
144 522
145 176
57 205
294 38
176 483
539 199
319 509
258 143
340 45
169 136
515 487
99 193
86 437
191 267
311 167
40 345
399 358
134 11
85 417
154 56
168 535
2 125
2 512
257 413
65 218
217 328
32 315
258 504
191 184
263 338
493 31
256 465
188 533
158 54
535 188
209 373
557 262
514 61
316 50
30 386
203 247
81 417
248 388
253 492
294 243
168 504
39 393
154 344
409 521
267 351
216 510
177 411
33 72
187 134
378 350
453 85
236 490
501 482
389 255
7 371
72 139
197 396
71 167
489 470
251 556
386 61
322 205
441 296
127 288
515 148
3 130
178 500
361 96
283 413
242 379
401 425
151 78
198 118
27 48
72 336
424 533
468 3
124 322
365 40
291 67
455 303
306 340
531 315
465 254
182 306
70 182
520 223
103 220
109 414
434 132
125 2
378 476
394 43
397 92
142 327
2 77
274 282
96 151
245 117
50 308
334 243
92 318
497 234
191 75
369 31
133 58
454 229
57 298
212 145
433 551
390 279
11 176
204 176
250 287
402 434
217 53
400 318
94 169
521 72
38 543
300 476
297 328
451 520
517 328
458 429
296 78
136 264
4 100
37 462
504 549
2 312
263 436
237 555
497 430
112 524
408 358
93 504
196 524
301 361
313 150
360 115
184 154
244 348
516 136
149 163
130 494
130 214
168 486
533 346
116 327
471 198
479 44
236 508
460 308
484 448
524 142
426 198
459 112
79 374
32 89
104 200
523 176
451 309
458 354
