43 638 1000000
1 43
21 4
13 8
5 28
36 4
15 5
32 43
31 32
40 39
29 14
21 2
29 12
16 41
26 39
11 30
36 43
11 35
43 21
3 41
34 2
42 36
7 2
40 25
2 5
30 28
30 38
25 20
21 10
7 33
30 8
35 1
14 8
1 38
34 7
19 43
43 28
39 6
21 34
43 19
40 15
6 27
31 9
38 4
40 41
33 21
7 12
8 2
14 33
24 26
39 8
43 31
12 19
24 3
14 21
11 24
11 29
22 37
10 35
40 4
4 25
34 43
34 5
38 42
41 24
13 4
14 36
18 21
5 32
9 29
2 9
1 5
30 4
13 25
7 8
34 21
32 39
29 36
17 9
13 5
30 23
23 37
28 1
19 33
10 7
32 7
32 24
36 24
17 18
22 28
16 12
11 1
42 22
13 2
11 37
13 31
29 10
29 8
17 21
24 12
10 34
32 37
4 26
41 8
8 16
4 3
17 27
32 21
31 30
12 31
1 39
27 42
18 8
35 8
42 38
17 40
10 9
36 30
31 23
22 1
3 39
30 2
16 41
42 30
22 23
39 15
27 4
5 3
2 8
25 33
40 30
13 18
13 25
31 15
15 31
43 19
1 35
15 14
10 29
21 14
13 30
43 24
24 9
6 41
19 34
28 16
42 2
42 25
4 2
6 1
13 11
36 5
8 5
35 16
10 1
18 43
2 9
25 19
10 30
37 34
32 20
2 36
10 27
21 4
42 14
42 7
19 20
15 5
33 19
16 8
19 24
35 33
34 3
43 36
42 4
27 30
24 16
41 39
15 35
26 34
13 27
1 14
14 28
13 12
15 34
4 37
34 26
34 38
1 26
26 5
17 31
42 35
42 31
19 27
15 9
16 20
16 31
31 14
34 31
19 37
11 31
37 14
41 12
9 37
28 29
5 23
17 27
18 22
20 29
25 1
18 38
17 7
26 15
12 10
19 12
10 13
24 13
2 29
9 7
8 4
11 36
18 41
40 7
16 43
7 32
16 40
37 35
1 36
22 3
3 15
20 1
37 18
13 40
25 15
8 1
9 41
3 39
14 32
15 22
9 8
34 31
23 19
30 29
34 28
2 30
4 39
23 9
9 5
43 39
33 4
28 37
3 16
19 40
35 31
35 39
38 5
1 31
23 35
10 13
28 38
30 20
27 43
18 4
1 35
2 40
15 3
11 15
24 37
31 27
39 31
24 25
30 19
4 39
14 7
12 37
9 5
43 32
9 7
26 41
32 5
40 16
4 13
22 41
35 11
31 35
34 1
34 43
21 30
36 19
2 17
40 16
26 9
8 2
18 29
7 31
20 24
41 11
41 40
14 32
11 23
4 18
1 17
32 6
15 32
37 17
5 24
4 6
4 15
34 42
15 18
1 16
19 38
38 22
31 1
42 22
13 37
12 23
35 15
37 22
34 29
34 20
25 34
39 19
9 5
28 17
26 38
30 17
41 14
27 3
31 10
17 39
27 43
34 41
20 4
7 27
10 37
14 17
7 15
23 3
22 40
24 6
32 10
14 32
28 4
12 28
36 6
23 34
12 17
17 14
39 16
27 35
15 1
42 9
22 30
29 20
32 30
28 30
38 9
39 12
23 19
34 15
32 30
17 36
43 33
37 2
17 19
31 5
43 13
2 35
29 27
34 37
31 38
9 7
7 6
19 28
24 33
31 40
6 8
25 21
24 11
17 21
9 3
12 35
10 43
11 40
25 31
39 20
26 42
39 6
32 42
19 42
32 6
32 15
7 9
30 19
19 33
3 20
28 36
6 24
25 12
1 2
10 38
27 12
39 9
28 34
27 19
13 35
13 20
39 31
32 28
23 5
23 4
15 1
4 39
41 17
28 16
37 27
31 11
29 42
27 28
28 38
31 15
33 36
43 22
11 43
13 17
26 23
20 43
10 26
22 6
16 12
9 15
36 21
14 1
13 31
17 31
5 23
18 38
19 43
3 37
7 22
39 16
36 33
31 7
35 33
17 5
36 20
29 27
9 8
28 32
1 13
10 26
43 37
28 32
29 28
37 6
42 2
27 6
31 17
17 19
3 4
32 41
5 32
3 16
4 41
38 11
28 3
16 34
22 24
26 27
3 28
4 23
3 36
14 12
41 8
14 21
23 4
4 23
13 18
32 25
32 27
30 19
13 17
24 43
29 38
41 37
1 32
4 21
8 4
11 5
42 13
2 33
33 41
1 37
15 24
25 2
40 22
10 43
25 1
12 9
31 35
43 13
34 20
31 41
28 5
23 25
39 5
24 1
43 25
12 4
10 9
4 25
14 11
13 40
10 26
6 11
18 7
2 7
3 40
11 42
36 29
33 16
17 22
4 33
1 36
32 41
43 26
17 42
1 30
26 39
41 18
10 14
13 40
6 3
33 11
1 23
22 37
1 10
14 26
34 40
42 35
6 11
30 38
3 13
39 38
21 14
24 36
32 28
15 11
1 12
36 35
9 11
5 8
5 33
6 27
38 39
3 41
22 6
22 2
41 22
17 29
2 17
8 40
3 32
12 8
14 29
24 8
22 37
43 15
16 17
39 1
42 33
42 5
25 13
32 26
8 9
2 28
32 25
6 38
31 33
8 5
5 33
40 27
34 6
2 15
34 17
41 9
31 30
10 31
15 32
3 9
36 24
4 2
22 17
34 9
42 41
13 25
35 14
12 2
27 11
9 23
1 43
4 25
4 42
11 18
13 39
19 12
30 25
8 24
24 21
40 18
39 14
30 12
38 31
11 39
26 39
31 27
8 24
1 21
41 35
17 42
32 3
32 11
5 33
29 11
32 24
19 29
33 8
14 29
11 12
10 25
25 29
33 18
28 35
42 24
21 29
4 31
40 30
20 23
