9976 10217 5000000
2476 5438
9437 8193
6062 6975
1674 7219
4160 9913
3904 9296
6220 141
4978 7253
9524 9556
3285 3046
7724 9922
1458 5226
5523 8745
1875 3650
1136 5236
703 5917
6405 4430
1049 9146
863 7886
1037 279
4966 2968
6479 2561
4566 1397
391 1579
4687 3542
5983 7422
6790 1600
9785 8058
2549 7476
1506 8444
6726 5737
4995 6368
7663 8845
6248 6645
4736 4848
8806 5727
9766 5712
568 7297
7944 8325
7930 6613
2030 1512
1008 1136
2705 5794
1483 2696
1679 6116
1871 5224
3271 7355
4499 5319
8624 6295
5989 2885
2567 8497
7261 9333
5 5973
5562 4310
7157 3931
4812 9660
9074 6481
3324 8797
1817 4081
7861 5721
8546 5261
3479 5321
9526 3436
7377 5398
4708 4886
5153 1858
2561 8082
2603 2660
3143 7681
7998 7429
5650 812
1423 2393
1582 7457
6862 5894
4683 9277
6077 1506
5920 3057
2953 79
2474 8622
352 3331
6669 1774
6683 5849
7331 7607
6419 3813
8416 9244
3831 9398
9717 7031
9606 4545
6411 2347
4608 1581
9323 2354
2865 1897
6589 9892
219 3065
4660 4598
686 4292
459 2992
559 6884
5313 5641
5172 1168
5506 9715
9125 3497
3417 1477
4414 5998
9710 2296
653 2934
5020 9411
8662 6383
9922 4370
5256 8033
9334 1788
7362 1313
4587 5800
8241 99
4751 5827
9063 1361
7621 5018
4277 5127
5072 1823
7998 5553
2300 163
756 1844
372 8619
327 3036
7953 3206
7181 4523
4944 5576
4935 1900
6980 8199
3005 3245
1733 8111
6841 7048
4268 2380
5641 9142
9269 2825
6700 2007
489 7579
3626 4464
8434 2317
5566 3832
1182 3147
975 609
3044 4856
3967 3054
1234 2978
5641 2012
8695 8862
7925 9648
2037 59
6719 3641
6242 8873
4046 8199
6766 9447
5558 9533
2126 4162
7653 3318
747 6339
3638 4538
7315 3258
8908 9156
5230 8381
5472 6450
1483 8325
9823 2386
2949 2546
1388 558
4374 2948
6909 1673
2779 8379
566 3175
9473 7410
3322 9871
7346 1777
7420 5844
4307 8542
7642 310
42 6622
1720 1965
7108 9420
8118 1123
4376 2736
8243 9671
4274 294
3921 5627
2269 8229
5625 2612
1626 84
7843 7543
4253 8759
6188 455
7263 2926
7158 783
5587 4435
75 8902
8473 1408
8555 615
1638 8344
2200 8163
7469 1258
9211 5236
9255 1780
7931 20
4333 7445
8773 7369
8346 2682
7287 8783
1232 5803
6347 7130
2247 4120
163 4064
720 7424
4900 1863
1906 7164
4581 6872
2684 383
864 1448
2079 4273
8591 6247
9708 2952
7562 4081
6466 849
9532 4319
6671 1109
9497 2855
3680 7493
7890 2909
1076 9705
5324 6755
9175 5136
8082 9511
8460 8928
6775 6143
8855 3608
8388 9955
1828 4487
8450 871
4536 8585
610 2106
3266 554
1825 9452
1917 1299
5461 7485
6512 2585
4574 3040
5122 4695
4095 9230
2961 7502
5757 3254
6372 1174
4604 1005
4440 795
9368 3678
7233 5219
2709 8835
1427 5523
5280 5967
9838 9017
8749 9058
3070 5530
144 1278
538 3574
5328 6695
6018 7145
647 7455
3524 6000
5144 253
8213 6424
8544 4007
7369 4204
9559 7937
6282 2709
6975 2728
5811 8120
306 8327
2387 7788
2498 5699
2372 8713
6877 1641
9093 1136
1085 3427
6719 7983
3295 2910
718 8872
2584 6785
7311 7585
4953 2965
4989 8031
6401 8043
4282 2847
4450 7041
7819 1673
9934 7999
3562 3025
28 2797
6793 5628
3618 4821
6964 1394
8249 2385
84 4839
2557 1569
9230 5241
3973 4285
2547 7902
8489 3502
836 7397
1118 8193
1027 5141
7208 9558
242 9427
9562 5147
6713 9103
230 5209
7370 6397
9463 3950
903 6017
8206 9649
8024 9696
683 7530
4570 6008
2331 5854
1647 1990
1022 5050
6892 9614
8318 9945
104 669
5699 5492
7521 9252
2113 1024
4313 1075
2154 3371
4649 5491
9858 7766
5324 3569
3819 7184
6892 6519
8020 7528
6728 3983
1581 1699
2968 4898
6606 8831
1618 1385
4678 5796
2055 3188
3348 6718
9747 3525
8156 6179
2712 8039
402 1965
7407 8532
7765 8782
5306 9772
6453 3844
4715 7399
7678 4232
269 1327
6675 8726
2212 2556
3723 3382
9503 3521
3219 4586
2459 2199
7403 2770
9891 9026
1008 7120
2716 673
9739 8853
7719 1487
917 7783
1538 7233
2851 3092
4432 9893
4027 3734
1840 9547
4013 6528
6822 4338
1075 1855
1087 9113
523 5333
2980 409
464 6044
4578 9880
1956 9166
5135 5344
5873 7535
133 8724
2821 2232
580 1566
5633 5280
2492 8455
7026 3554
8718 6647
4447 59
339 1890
5806 5405
7306 8689
350 7924
29 4051
3217 5345
5620 3003
8549 5077
3798 3453
6951 918
1489 7835
1489 4955
2143 737
1847 2669
8995 2192
6047 9688
5902 4915
880 8907
6733 7514
8145 1030
4587 8788
3080 2822
3703 2659
554 5861
2269 5815
6921 5870
3136 7294
7034 7004
4930 9054
8284 454
9548 9666
7618 7486
4522 4309
8556 5539
4696 1067
3545 8536
8843 3187
7919 8113
1539 271
7019 1702
1641 2620
8497 305
8220 1144
6009 3673
1521 4791
5607 6124
5997 6165
2629 5501
186 5116
3440 8052
3517 1906
7297 9538
7801 1625
1011 7425
5218 177
2234 3222
5977 9709
9358 1112
2001 7296
9949 1607
2920 3825
7280 9466
7735 9791
1431 6995
3283 6287
8510 4135
3188 8229
1447 3111
3408 264
727 2336
6324 454
7794 1366
2740 104
4359 8604
272 2629
1600 1143
3357 8601
8626 3275
1482 699
7387 5982
742 7034
8142 6131
7707 5072
9302 756
5706 6581
2943 7930
4614 1929
3877 1237
8141 9520
9343 6025
7014 3359
8326 4743
2740 8009
7669 7794
2345 9437
6080 5553
680 1092
5585 1082
1171 222
3782 7913
8122 8891
1275 9437
9190 2865
2237 7520
1436 6235
7395 5392
1236 9297
6373 562
74 2462
8388 413
6656 9225
449 7030
9163 6452
7731 6031
313 4426
3677 7205
606 6606
8537 9503
1442 8486
9775 4395
2837 5020
85 9470
9855 2897
3672 3206
8868 3442
5012 3389
4349 5172
4170 4693
6384 1554
8524 3821
3714 4228
6952 5129
3470 3776
8075 2075
3541 4951
877 7530
3087 2784
4161 1156
2473 9061
7350 2430
213 1236
6553 3427
2633 5324
5892 7732
7539 4522
5021 7012
1532 449
8367 1761
2470 9692
6151 6327
3279 2527
3630 3819
9785 5269
1012 4920
7301 230
9811 2571
5280 486
8343 8918
514 2928
7332 3261
8961 9577
5936 6031
1292 2609
9412 3927
8476 6229
7272 7690
7739 3246
4562 8190
72 7873
16 5576
7513 4979
8327 1453
2123 2517
3392 9049
9263 8388
7598 8778
4458 3709
6735 5103
1254 4676
8952 7585
6364 3703
4867 7770
3035 5641
9470 2989
410 1419
9240 7713
5668 2411
7128 9589
139 4664
8279 8117
5069 7247
9242 284
4337 5233
4291 3969
1991 4533
332 3256
8953 5346
4365 8033
442 5130
3266 5174
5730 8856
5656 3285
9072 5523
1333 6859
7340 824
5920 5103
7354 875
1378 9913
2280 9554
5609 5930
7814 128
7056 7753
2002 9164
5289 750
1540 5999
3391 9974
2048 7488
5524 9569
4641 7182
1110 4888
9542 8884
1591 2882
6921 7844
2383 4259
9723 121
9958 9179
4567 4475
7567 2615
998 4619
6413 2448
6614 7898
6924 4562
44 9899
2311 6266
7254 2088
5986 8618
1841 1889
8929 8275
3011 5764
3574 8721
6961 5163
7787 957
2830 2622
9446 2208
1383 624
7451 350
208 4491
2043 9075
1557 1047
9662 1408
6084 7886
5815 6949
4110 293
6252 8543
3837 4580
7390 9956
408 7349
6104 1503
753 4927
3710 6001
748 4904
9430 7147
4733 4354
3720 6231
8972 3264
1003 763
1158 4352
3530 214
595 8938
1886 9574
214 37
842 8243
4050 6082
2899 9515
6470 6715
7034 2696
1081 7335
869 1705
7730 1523
6410 1632
7608 9585
4522 2869
72 6597
4614 3356
65 6575
4575 6008
4257 4940
3196 6660
3914 7971
5758 3519
9624 944
9478 1893
2377 5146
2786 5367
7782 2290
694 6044
9148 9379
9799 1262
2636 9712
3740 9328
5720 3570
4191 7599
6652 4338
3818 6469
382 1130
7200 1030
2345 6612
2700 8119
4464 4371
9565 1173
7818 5092
5834 4597
5867 4634
4161 1508
71 8024
1075 735
1776 4048
7413 9923
3466 2954
9295 5591
1118 6286
2299 7926
3274 9874
4253 4618
3832 5925
6236 8367
385 3967
2414 7123
9585 9700
405 8716
2842 8386
5448 7883
1396 3468
1506 3286
9567 9973
3842 5082
7585 9317
1431 3881
8692 5301
455 2157
3970 1006
1264 4921
1340 2069
6898 9217
9760 6878
3380 9841
2728 238
1842 4301
4922 2571
7893 3495
4724 2762
9728 9340
1064 2230
1612 6733
5915 9022
9477 6930
8418 5844
9414 8021
3008 8959
5596 2667
6402 2856
2368 4293
5683 2903
6104 5689
307 9891
1809 2347
8747 5260
1839 2121
4602 7270
5941 4568
4478 306
4023 5112
9744 6825
9687 9962
7356 8453
8434 290
7499 7229
2182 9642
58 7247
3298 4687
6902 2484
1838 2465
3387 2050
1454 838
4950 3250
2897 568
7268 9433
8354 8734
9413 2632
4201 4952
3504 935
326 5533
458 1608
6034 2347
533 7491
643 6172
3176 2429
3635 3275
8251 2166
6747 9686
3860 1845
1605 9299
73 6673
3254 8905
1228 2717
7520 6582
1653 5023
3835 3879
1891 981
4437 1217
5311 6852
1801 8675
2387 5390
4054 9927
1401 1008
6228 5721
4519 7345
1269 2003
8693 9941
4387 5172
9009 439
6913 877
659 3502
977 5362
4444 2965
7056 2947
2464 3452
4064 8547
5824 1546
9756 4318
544 9158
2491 7365
7383 6210
6725 2768
3933 6483
4226 2275
797 7107
6572 1738
3587 7350
5490 2893
1151 928
3847 6822
4882 9856
1814 5302
4171 6781
9895 4196
6267 1602
2585 1513
3585 2747
8376 3759
4698 5038
52 9497
7899 2946
8328 7960
6603 3605
1193 7074
5927 3434
9928 6494
492 2412
4321 9619
8831 2658
6666 8384
1803 9164
9512 3018
1271 7973
57 8497
9578 8551
5054 8294
1326 9530
4545 9094
6404 1674
573 1713
5317 511
7723 8319
6357 8871
8739 8088
85 2845
8838 5804
4670 1519
2108 4230
5743 438
1342 7090
7284 6234
358 3904
8069 8379
7415 5031
1592 5227
8589 3360
5910 711
203 7770
903 4198
8807 7680
8160 9791
5101 8007
8285 3492
7937 8638
6266 5951
7995 550
1393 190
8168 3788
331 4653
7496 8561
4895 4130
1907 6138
4336 6623
4610 3037
5041 8273
246 5020
5162 2570
3372 3621
5347 5192
9405 9839
1865 611
2164 4967
689 9975
4632 6415
7115 731
551 7203
2540 8970
2341 6586
7374 2621
6972 271
6822 8301
8921 5721
7923 4475
2792 6712
4131 9846
9339 5212
7149 7816
8108 1344
1250 5871
7143 1264
2240 3556
6243 146
7462 9131
2431 4093
5994 6257
3946 3246
2814 6663
8842 5089
9032 5356
1875 3378
9200 3152
9830 7384
2193 9764
7898 8138
2899 504
332 6380
168 7290
794 682
2222 4195
6978 3045
6552 4950
911 2684
6382 9458
2492 7490
5316 2757
9654 4248
2913 3979
5395 8795
5943 3712
950 248
9284 6044
3100 8347
5628 71
7344 2169
4636 2591
6838 526
9335 7704
1126 3667
6822 8670
2963 5595
2883 792
5377 2041
8198 8933
6780 6754
6694 5501
7477 3239
9666 8635
2338 8680
3198 4010
1694 7484
1046 1582
5035 2468
2545 9021
4070 6155
7470 7205
464 7302
7032 662
922 1729
4833 2353
4644 936
8131 158
4990 9492
5330 9654
2442 9906
8628 255
4792 6973
8443 4526
7305 1528
295 5606
4946 1233
9636 738
8140 2233
4325 2403
751 7926
9797 6848
5753 6065
4862 4476
3671 9005
8720 4937
1969 6826
317 479
3567 8901
7295 7026
3590 375
6835 2238
7867 7084
7621 1429
4113 4808
2972 4837
9846 2484
573 4495
724 9899
7809 3421
7614 3424
3833 2090
928 6742
7078 7233
6254 6997
5934 4056
1649 9542
8979 6788
575 6513
1108 5858
2557 6872
4453 6241
3900 7637
7452 5598
1384 9843
8768 7192
7738 6064
8560 9010
5750 2209
1414 9034
101 4571
4415 9865
3204 9459
9860 7343
7772 1340
1621 4678
980 1597
9573 9945
9655 1595
48 7617
1815 2910
8842 444
122 1350
4736 5848
2466 7389
5621 9597
8903 3660
8498 8826
1147 9274
377 5990
6420 9234
3192 8626
2245 8531
4388 6661
4518 1584
6298 4897
3728 382
9213 9202
3344 8420
87 1146
9215 6629
41 6285
107 9946
6813 7907
274 9909
7065 1181
1139 4405
5481 9158
36 2962
8726 1388
8596 9819
8762 9297
8407 5900
1431 1604
1367 2920
6716 8203
9672 7054
4044 5023
6841 6341
284 4509
7678 3590
4505 4354
7380 6760
9277 1971
3713 5410
3810 6452
1133 3662
8883 1605
4424 8686
7630 795
5066 9135
3526 9285
6048 5806
9578 3835
3143 6109
2773 5667
9421 4233
6899 474
8256 588
4732 8089
2475 1682
7871 4987
7657 2277
7685 2546
6648 5130
5926 5195
5874 6829
2463 9522
8131 3214
1998 1848
6436 906
6780 1157
9716 863
6972 2967
5990 1558
2856 9490
356 1384
545 1296
5498 8976
4591 6619
7649 7582
6735 4384
5122 9646
6646 6618
4753 8306
3776 3729
1780 1095
9093 7175
3322 8880
4550 2300
3596 1060
9330 2066
3103 298
4153 2558
5401 3083
7357 2785
8987 259
4041 7115
3914 9641
5130 5177
8865 9664
4914 7373
6008 8564
7567 3049
2918 2101
7948 1364
112 27
7966 1896
9100 3658
6821 4256
5818 6501
4710 7633
3134 7325
8092 4117
8098 3026
3831 2606
8799 5073
1552 3420
9793 7661
3999 7755
8207 9523
8972 8723
341 5385
1571 3657
7586 3538
5810 5391
1846 8265
8774 3863
9760 7865
6284 2858
7043 5786
7015 9919
3429 888
34 9410
603 2244
8858 7894
8916 4095
6132 2501
652 1581
678 9507
7929 8263
4911 9847
3958 7483
3400 9807
5120 773
1818 4451
8524 6932
8411 4891
6063 2462
6531 5349
2022 5210
4732 3463
4227 8087
2954 5213
4600 1794
9725 4307
6601 3478
5844 573
7730 6051
3231 9968
5437 7784
3450 1799
2110 4486
7663 9704
941 9741
5983 5662
7206 9772
8924 9905
5472 1639
2087 9946
1036 4404
7062 2505
4481 1685
9754 7876
2717 9814
1821 4988
9401 2706
7940 1688
8948 4681
6165 2098
231 8162
4160 2147
5635 7907
4994 8785
762 9110
5541 1101
7508 676
9032 4641
5057 2681
2559 7547
836 560
1187 7260
128 8371
6727 2660
362 7987
6173 2025
5409 1113
2497 2289
732 5409
7729 3782
6272 169
4807 7971
5641 7400
5019 3045
6213 8446
6994 5769
7314 7525
833 8511
9212 3542
1184 8786
8770 2940
4441 6082
3458 495
343 5710
4471 9801
8188 2192
9541 1458
7468 5496
7964 2547
9414 2878
4188 1884
2693 6554
5119 6167
7138 1423
5319 6198
7010 9937
371 5841
1900 6729
7398 5961
1945 5502
448 6080
189 1148
8857 1454
1097 9847
8344 1091
208 3038
6798 8319
2692 484
9255 6329
5432 3123
6499 5389
5448 6314
4464 409
4479 8087
1059 9750
8297 1311
2918 3556
4607 210
8954 3723
5739 5232
2318 7148
5908 3547
132 8430
5506 6740
3717 8234
99 5960
3711 6955
7523 4749
3757 6828
2793 9005
9647 3921
7916 2085
7403 6009
2900 820
8671 8231
8340 5176
4929 9431
1390 4603
8444 3736
5587 4806
1100 2067
9303 3705
1207 4756
2925 683
4766 182
7031 5026
8722 7082
1897 9300
4189 1966
224 7802
9219 9430
3302 574
6048 4168
4670 8768
6728 5990
5980 8771
5892 1915
3714 3635
8181 6669
1085 4055
8682 2226
3750 2224
8574 8770
3000 8926
3806 7409
9650 5885
5824 5460
5823 4519
2980 3613
985 1797
7923 4578
3321 2537
3555 1260
5186 6107
1492 7139
9106 4871
9613 6401
5445 4043
730 8889
5796 5525
2302 8026
4869 5646
7745 6216
8649 2876
9205 7798
963 1896
3270 6708
1229 4581
9284 4428
6393 5151
9382 4430
4859 9102
3527 3763
1420 6057
7945 8634
2683 6412
3981 3652
4956 5969
1363 5183
3072 428
7012 6190
2165 4615
786 2077
1401 8433
7394 2023
1193 7240
8881 78
496 4378
8177 507
1427 3388
3633 3295
3221 950
6542 5075
2260 6764
9972 8667
4271 8104
2997 4950
2282 2784
355 6401
2852 3383
1378 1058
5226 3798
5096 4479
115 7120
8496 6300
8867 8844
9248 3310
9373 6210
1342 3364
3759 236
5153 6209
3383 311
3211 3153
95 2607
959 3885
1290 5628
622 1664
3205 9924
2494 35
7951 2316
2365 5838
3199 1507
3485 1285
8769 77
3313 9473
4042 6050
274 6418
6672 5628
2432 1445
3808 9546
5175 7939
2673 6857
9287 7284
2484 785
6712 5518
7291 284
8911 255
6335 1987
383 9183
8353 7579
3938 2227
8040 2375
7228 5547
9055 1043
6858 5295
7756 5316
1002 3259
8201 3558
3115 8163
8828 5510
2549 655
5420 6742
1456 5410
5580 1818
8685 1119
4837 4981
2323 4576
893 6324
1458 5890
6930 1905
8467 7193
962 7878
8047 7286
5046 191
4273 9416
3015 5365
4885 4778
8786 268
5848 9077
4507 2870
1206 429
3921 8651
8484 9685
4215 1188
1776 5891
4186 1420
9914 411
4420 2352
4118 4230
3999 6375
8363 4680
3787 5210
2735 7532
7495 7429
7383 1275
7599 1101
7165 4426
3975 7133
7214 4706
3701 2191
301 5763
1774 342
9481 3851
4802 625
4016 6630
2229 4854
4040 5631
8677 6226
4322 4554
7484 1309
460 8053
5809 5572
5724 1278
9009 5972
429 1005
3868 8504
1670 4636
6859 646
1790 7990
8747 124
7868 9857
8310 5368
7855 4371
1879 5086
9759 4214
4410 4507
2310 9619
6436 5514
5084 3316
1194 6256
1045 226
9496 1941
5772 490
9323 5342
2988 8800
943 9967
9000 2951
8994 7523
8477 7405
5615 7249
6860 2078
9105 8686
3178 8987
6856 9283
5453 9456
3342 8856
613 4928
787 5067
7959 5119
8064 11
5592 5131
6948 638
8011 5021
5427 7015
9740 240
9103 2187
8053 5111
7433 7980
9528 5850
7052 958
3536 5073
1593 211
4678 1277
7152 6466
6219 1298
2354 2528
7682 4786
1122 1108
5357 9607
6826 6181
1468 2863
1840 5227
8978 5170
8474 2245
234 2523
6742 659
3102 5470
9807 7360
6025 7480
9186 5592
7401 7081
2728 6720
5127 621
2453 3977
9490 9615
7990 1659
2595 3679
8873 9260
9243 1862
728 6092
9652 2318
370 7527
6202 2186
1191 4268
2387 7497
8028 1141
9302 8416
1448 9078
4867 5965
3141 308
3085 4985
9688 976
761 5925
6439 5093
4935 452
5429 2264
1664 442
2173 7790
3174 9589
1946 7414
4739 2057
4856 9966
1794 8309
7264 507
8357 6364
2822 1257
1613 2125
5397 2639
7913 4186
629 7562
1037 440
5685 2305
645 6909
4746 226
6535 9542
5425 5468
6007 3920
2379 8899
8293 5329
8306 8900
6042 4404
5118 6036
1644 3866
514 2640
8862 7092
7300 3558
8401 5752
6243 8730
8201 5847
6778 7323
7842 3440
6849 3079
287 8230
2779 5415
7574 1432
9897 5258
2669 9685
5048 1848
6044 7036
990 6822
6087 2311
2584 2519
7112 525
850 6000
2236 6668
1473 9086
1051 917
815 2850
489 2885
8230 9932
7638 6529
6677 3232
3278 8199
1041 5436
2886 9762
5808 2291
3604 9582
2718 8250
670 9933
550 4774
6885 7637
230 2805
8806 965
4086 1515
1158 6938
4508 3125
6035 9726
6750 2387
9108 3533
251 5322
2644 8312
5935 9545
4450 6845
8868 6374
4821 4118
1808 2230
13 1378
9478 5281
5746 5869
9161 4151
7708 6338
9583 4055
2985 1131
3949 6754
71 4087
417 1073
2629 77
814 7690
3849 2097
4096 6731
7466 5060
2742 7261
3044 3583
5321 8119
3529 3541
3074 7904
4780 5378
6437 7979
6860 8674
5936 3820
6738 876
4652 1139
6568 7295
5546 2985
9672 2418
5393 2896
3314 3855
2535 8274
1040 2599
6459 5505
4435 4711
3756 9937
4399 8269
8222 2676
5581 6380
7076 2698
4476 1658
4278 1226
3564 6623
1145 2094
393 402
778 957
9242 8506
9161 5169
946 8423
8581 9148
6650 6339
9474 4438
9152 6285
7963 3994
7289 7992
2098 996
1054 8051
1688 2206
4126 2740
2742 8906
5094 4832
2612 4654
808 5478
6855 2567
751 331
9419 3529
2480 8721
8503 5129
5222 5769
6833 1040
2522 2235
4761 7834
2859 4814
7681 3653
345 5265
125 3786
5732 2240
3856 8341
4441 1713
4916 5219
6224 1641
7100 8504
4050 8218
5269 4431
9765 8628
2875 8589
5226 8930
5710 8214
5254 9734
6552 5669
2139 7080
3377 8814
5061 1460
4079 5142
8182 7986
2324 224
8066 1870
325 6926
1735 7911
3685 4055
4263 8930
9476 2142
419 4471
8963 1734
7605 1157
4980 6460
4822 4358
6738 8316
1911 5809
7341 1938
2850 3964
998 1873
6222 9551
5721 4087
7064 7556
970 2045
6489 5083
9780 1947
2009 9656
4979 1328
6516 4807
4772 4273
6152 9369
6601 7534
7642 4254
9026 9287
737 1291
8036 5535
8630 43
2436 7626
2715 8381
3632 615
2856 9847
6576 6341
3475 5098
6592 8219
3425 5073
5479 2728
184 2247
2659 4259
5880 2624
5467 7530
9348 9437
7556 8126
7982 6901
6649 5575
6599 4247
1443 2460
1124 8210
7718 8804
3535 9698
5137 3071
283 7860
4364 9695
2311 5591
9064 478
719 1268
528 8436
2289 4272
1999 570
9586 6817
7567 2589
5667 3809
1121 1943
8012 702
6791 3325
8898 6801
2635 3309
791 6876
8748 6391
5695 8457
6739 7377
5009 9058
2299 9170
5051 9903
1673 3308
6122 2548
3545 7899
2955 7628
1243 7046
7361 8394
8863 9790
110 886
8739 1728
7501 4113
2305 6109
1126 6280
2756 9851
1801 3546
6499 1887
8902 4898
3890 4573
684 3291
2547 3093
2175 3528
8503 3103
9346 5155
8352 6664
1585 9686
5767 9534
698 1462
3808 9603
1605 9598
2220 1786
1931 1791
9250 4613
3662 7866
9390 8902
3531 6758
8542 3764
9549 2512
6781 1700
3855 9530
7722 5866
1658 7525
7162 9051
9728 6673
675 2562
963 1676
5151 4637
1658 3575
9021 2966
7442 6778
6913 9272
7753 2662
9149 5511
7823 7330
9700 8634
9789 2877
382 3218
6972 7974
9923 3502
2873 7892
8579 1818
7883 1615
1549 6866
9822 4043
4767 2129
3138 6473
3670 7466
5569 8455
2366 195
6616 4446
7948 9881
8906 9126
1355 989
7501 9597
4812 7471
3207 5233
9738 2874
9848 5934
6120 6169
135 1597
1077 6853
6198 2988
6843 8036
2679 515
7731 2369
9263 8482
8519 5136
4166 9566
4944 8276
6782 2072
3899 4802
8808 3021
9922 9420
7641 6246
5904 6914
9359 1062
4375 2542
8843 9774
3123 7985
7200 2684
4283 9781
6409 4018
5882 6565
8438 1538
3861 82
8589 5487
3222 1678
1457 3624
4807 1676
2746 7483
381 9110
729 6750
7252 2610
4728 9620
8614 415
3322 9659
9174 52
4117 2509
8048 3640
3644 9212
2978 5593
9364 3406
8329 9293
7712 4547
4288 5737
8588 4823
765 2835
6981 2947
9301 2105
6107 1746
4178 146
4502 3994
8291 9142
4369 1902
6493 4401
3550 2180
1081 3045
6694 4058
5021 5275
7887 992
8223 4819
561 4530
2142 6083
9097 1431
1867 2330
2823 4333
7525 418
8229 9739
204 8678
9186 8881
9102 9050
3337 4384
2554 569
7111 7970
2221 673
4063 9961
5686 168
3028 908
6223 7940
8840 4152
6027 7635
4437 8221
5358 7676
6764 6106
6221 186
4227 1159
7222 7680
7569 1382
3147 675
2899 1832
4809 4466
7769 1073
3673 4053
5189 2850
7785 1148
6401 9422
1264 7908
9262 3208
6415 6973
4808 326
637 5285
2611 3194
1515 1537
1482 8279
6161 5314
4424 1496
4250 4709
6567 5889
877 3024
8336 4479
5469 1121
2479 4445
868 5931
9709 5092
5333 2794
8491 7412
8532 1818
8255 8303
9634 2324
4171 711
2392 7440
8594 69
3641 4789
1499 4264
6087 6894
1372 5534
9166 5716
9043 9362
4937 2328
1842 1836
7467 569
9956 6719
4401 6312
4010 3159
7713 800
8838 2683
5539 1909
7752 3586
6202 4637
8060 9384
714 1010
2036 6015
9220 6759
5576 298
8149 9160
4688 6049
1284 1529
3884 1737
2472 8847
6123 5336
2847 4331
683 8032
1515 2582
2219 7748
6057 5389
6736 7365
8946 9830
1272 575
8345 7850
1599 5197
2190 8554
7418 4799
8718 2041
7743 1379
2765 3946
5756 5408
7393 5933
5784 138
7236 7303
3233 1456
5844 8873
7214 2262
1782 6093
5582 1580
6654 1426
6460 4561
8540 6112
8631 3070
5565 8429
5568 2905
5975 8752
7149 9893
91 8573
1293 3958
5247 6670
9969 4115
8020 4548
1093 9211
6020 5886
5051 5307
7183 6615
2842 9246
926 4836
5814 9584
2491 4300
5216 7390
4355 2660
9105 18
4782 4504
3087 6542
6866 7558
6954 7131
2150 6787
4193 4791
579 5265
1023 1994
1242 270
4349 2384
791 2003
1125 1496
3740 8042
4085 9767
9521 3920
7913 8044
847 4135
8608 4608
838 3190
3369 8083
7538 6648
9182 3739
3692 5890
7082 3323
6528 7193
5184 7609
2857 3227
4175 5369
9865 6581
6849 2075
3724 9302
756 735
1672 9391
8895 7047
212 774
5238 8744
4108 3142
7332 5511
1644 4256
6637 528
3408 78
4258 6260
1982 5111
7374 3781
3988 1777
600 8985
4262 9619
7181 9424
6111 246
7905 2991
9140 1197
4666 1797
2561 4223
3686 4471
54 3603
7183 5535
3740 480
3778 5161
7258 8105
8432 9156
2258 3894
4813 5409
1015 7259
8665 1611
895 649
5155 3729
2926 483
4533 1361
1822 4514
448 6610
5172 4765
3523 8766
3299 5253
1959 438
7481 5014
2244 4489
8859 7820
5154 3072
3624 5180
4300 6852
1904 3159
8953 1593
6726 6035
8587 8715
1908 4600
8708 1465
8055 2170
9951 6513
2099 629
7408 6212
6473 6806
459 4088
6861 6508
6644 985
6270 393
2725 9150
2001 1999
7268 364
702 6805
501 1357
6477 3859
5455 570
2540 9786
1041 8729
3440 2915
3006 9147
3874 6638
5115 318
6076 8303
8185 5691
6890 6175
6879 7569
5306 2140
7137 3771
5249 5087
8973 1749
3549 8057
6212 7349
8385 3590
615 3587
5361 8625
6897 2945
1507 6642
5824 3694
2266 7296
314 2068
6559 55
9187 5397
6310 4788
464 9536
9784 5662
9578 6440
1949 2195
1983 8992
7334 1796
9581 3311
9863 2923
3364 1902
7783 4575
9645 3428
2746 6567
935 7158
7667 1993
3752 4177
4540 7767
9645 1464
5359 9121
3305 3078
464 6680
573 3137
3105 4717
8231 399
1712 9698
75 7528
3400 9601
9283 4582
6394 891
9278 1704
2565 9103
3573 5399
2260 9038
4065 2447
8457 5326
6840 8797
4294 1793
4539 276
2444 1465
3509 8032
4170 2227
1303 4806
1783 6140
6202 8116
4649 8617
6079 1470
3871 993
7585 4668
4349 9744
1955 5
2839 9798
1617 6745
4056 6781
4264 1605
2975 7923
1431 725
6946 6360
1749 1412
7497 8578
2570 9164
6897 5429
6193 7721
9317 2020
7851 4053
438 5485
6218 5680
8495 5859
6379 3737
5829 1526
486 5016
3648 1222
3249 3344
9344 7243
685 8934
7484 9152
9955 961
4508 3344
674 2583
3567 1401
810 4695
6337 5800
3445 4318
7241 8841
5391 4237
9748 721
9277 8966
4958 4959
1068 2540
4254 188
255 138
6423 3337
1166 9467
297 942
7371 9670
6366 8909
8804 3070
4091 6070
6815 715
3471 2471
9163 953
9536 3114
7673 5268
2742 1363
3503 1866
5951 7685
4828 5611
4364 5729
3646 7664
2445 631
7077 5808
6448 7842
2648 2145
2901 2025
6635 8541
6120 6702
2976 3338
7205 7482
141 2461
4089 3352
6255 5012
8684 1420
7662 3378
9731 6719
6380 5664
7237 8652
1498 2621
4877 3455
3194 7636
2562 4692
5573 5068
1767 3786
6430 4903
822 1188
3215 5070
2247 5753
8623 4291
7073 4114
9161 4862
2430 2808
1861 1687
38 3257
3384 4137
9512 7891
2557 9653
6580 9368
5698 1188
2370 3580
5695 3784
1860 8817
1845 8294
3841 9677
7322 7654
2800 2896
5510 8569
9042 7969
6560 9729
6676 4084
5362 7385
4784 462
6277 2267
5970 721
7939 46
6802 7667
9487 9801
6955 1694
4825 6252
7086 4060
7003 3485
3025 6916
3520 3284
6586 3510
4371 618
3087 280
9425 8311
3323 4086
37 1991
2688 9275
8440 6811
5188 6640
7219 9870
3057 30
2337 1032
6944 8601
9753 5330
7987 4840
6164 2489
7495 6067
6183 6200
5764 5382
1258 5249
6314 9080
1604 2554
3638 209
8996 7740
2154 326
436 4291
811 4989
438 8323
6709 3517
7885 3605
5656 6686
6830 1179
2546 4582
9922 8909
9392 1529
1550 4538
870 9457
6532 4785
5020 9501
7536 9284
6259 1690
4804 270
7621 5299
1565 4456
6518 4658
8608 590
4323 2630
7859 2334
455 9869
7386 4915
52 9567
193 5238
9 8949
2041 9410
8547 8769
3006 8236
212 7817
7227 2218
9759 2730
1042 1007
9196 7547
2569 8581
1566 2586
3115 1944
5347 6889
8226 5708
5569 6471
7833 1820
9174 8424
3853 2237
9732 1511
4682 7525
3243 366
5560 3013
9738 7454
8505 2353
4422 6355
6937 7174
2833 6060
390 8052
127 6181
9323 5361
4350 3568
4186 3169
7178 672
1068 1612
905 4646
1999 5239
2666 4162
7510 6516
45 64
8695 5651
5119 9530
5506 8745
1278 2752
8486 8279
6667 1667
4686 79
4271 4203
5235 6671
5840 6469
3722 694
2168 685
6845 3285
4622 2239
4298 5050
2662 6302
1602 5745
5760 4579
302 5480
9897 1458
8143 2588
5163 1253
4357 649
2810 6254
1745 536
6855 8165
6622 9152
3927 5595
8290 1780
9618 1685
1918 4752
821 759
9243 8747
8550 4767
4621 9569
226 5440
1572 5099
6873 2569
1497 1520
7462 7179
9192 2738
4602 7652
5999 5319
8038 9748
3786 3958
8083 3734
2221 7359
5328 282
1996 9028
4978 7932
6321 1487
168 6988
7787 4254
172 2938
7793 8954
5134 945
8976 8451
6 2088
1000 4516
2045 3397
5314 1257
8664 1553
1763 8399
5006 5918
8716 8528
4490 8253
5629 5607
8515 8642
7388 6626
5261 5955
9073 1904
5014 1696
7894 5445
2402 6170
651 9344
5178 6887
4622 3883
9841 8549
9735 2570
6946 105
4277 722
9922 5300
6496 4444
6948 6095
8361 9200
8122 3516
2561 9568
1645 6557
1154 1473
7851 7424
7391 2977
3771 3455
721 5776
1420 451
3500 4343
8043 4705
2288 2046
7207 7432
5736 2357
9529 5015
193 4604
1238 5968
6346 8356
8611 8073
458 6778
8279 9409
2531 7227
7165 9516
3798 4989
8728 6877
3156 6533
6209 871
1560 4914
7714 3549
5895 4736
6508 3644
5601 4431
3070 7021
7665 2855
3934 9531
8953 2820
1476 571
9965 2085
1606 5612
6727 9574
9056 8316
4407 8100
4978 6461
3441 4198
3106 1416
749 5716
8751 2144
9809 2490
6335 7197
3327 7457
9541 9796
9053 831
2377 9147
7521 6574
4431 1218
1356 551
1189 9902
206 3722
6514 6981
4349 7910
9863 9526
401 4097
7777 7686
2430 8520
7473 5814
3726 9826
5609 6283
1200 1069
1735 4512
1558 1540
9865 6729
1875 648
9571 1679
3711 7292
5827 5252
7939 2624
3203 723
7579 7499
3248 3004
3420 1225
7555 8937
9715 4606
6149 697
7423 335
343 2906
5854 8696
7057 9515
4545 9019
1455 8662
8051 7018
7387 2301
2438 1332
7664 634
1619 2042
9498 6547
9322 4462
6632 4109
1218 5956
3864 1423
5386 5762
9197 5995
8618 9626
3933 3763
4653 8619
3058 5984
4821 602
8048 7645
4698 8207
664 8487
6817 8362
3688 1345
9202 7958
6713 1254
1982 6603
3892 2711
3739 5095
9740 8232
9957 5072
7868 6039
5161 7219
1396 2778
3732 2485
7209 863
9414 9313
9208 8804
2735 1249
8860 7784
416 4514
928 1293
9154 6291
8171 1872
690 9144
8586 8391
6001 6202
9950 8419
8845 3614
776 7760
8388 6311
7998 3999
564 2373
1088 2963
8348 3268
1223 64
8749 4559
7821 4888
6763 7446
9871 8273
1421 9787
7584 580
5345 1986
6332 17
284 1058
5606 3719
8582 51
3221 4732
1504 5239
6033 5740
954 7490
9594 2582
9417 8985
8815 469
1221 564
6180 1628
9225 5844
1544 4376
3344 680
2031 3887
1698 3237
3342 7649
7733 7448
3682 3779
4199 6668
8993 2402
3202 1705
3925 460
6952 4017
1502 3320
2266 3999
2692 3537
8203 9565
7962 2623
6979 5855
5801 4459
7716 7460
5547 951
6167 7319
4984 3707
8538 835
2045 5086
772 301
2848 4530
9194 9198
4062 3810
6990 7084
6788 5425
2137 7166
2343 6056
9973 7562
2728 8906
6253 4253
4040 2452
8492 3750
6431 4905
1679 2422
8281 9137
4945 1161
4050 545
9094 3811
2165 8053
7455 321
3142 6124
4946 8301
5697 6765
8350 43
7155 649
9746 3139
3204 904
3584 1282
7395 5516
5775 8598
2577 8468
9092 7461
4470 7727
4804 7627
2434 8948
4765 4810
433 1022
4301 2211
6732 2228
8638 8270
1687 7956
8211 7203
3568 4322
838 4188
6163 2328
5785 7204
3252 7316
3604 2004
4361 1600
8588 4043
8234 3514
7529 6793
3007 3996
6330 7004
4795 2757
5815 7808
6642 2128
6554 7716
9966 648
6219 7826
6389 7580
4763 3087
5640 3531
2048 3871
9344 3252
1553 2299
4183 5449
4156 1877
5228 4058
6727 7906
5592 4476
7226 6799
104 314
4137 9454
7744 7353
3358 8863
9289 3640
4008 7611
7116 7866
104 6566
512 7447
5605 3516
1394 6369
9030 7061
7785 1178
1117 1084
9132 5848
442 4394
6400 1215
6223 2129
5132 7679
9189 2800
6463 2977
8709 8223
6725 3717
4225 6429
6334 3131
6838 1908
1061 3117
164 6514
1072 9256
8602 2699
8439 5184
321 6621
1384 8031
4230 2727
4598 8271
715 736
9117 6522
5467 8417
8651 1807
3297 670
1016 4356
9368 1098
4338 648
992 7851
4398 5576
62 6196
9444 1856
5538 1221
4641 4028
8599 8140
8165 6505
2922 6806
5257 5674
3025 5553
1379 4323
9128 983
370 8541
2664 3487
3714 9786
2773 1499
7128 259
3662 242
8440 5742
3823 8097
4742 1890
1574 9174
3961 4642
2973 5879
5584 8577
4057 7135
2066 3330
7204 4543
8906 8969
6496 2380
2021 9836
3458 3463
3229 756
1168 6990
1717 3370
7816 634
3909 4209
4801 8885
8059 4173
8029 4033
6721 953
2007 5648
6692 2476
8367 3964
5194 9816
4389 4766
5196 9103
5943 9962
2301 4535
9790 3428
1194 2542
642 8118
5356 5460
3059 5201
6909 5005
4979 1820
4996 6114
4289 9225
5520 3899
7245 3381
3754 7377
4806 8992
48 4831
4719 7015
4364 9697
927 3856
1541 6515
8581 536
858 1982
2161 5820
8016 2059
7175 4135
5253 7573
8714 6412
485 4225
933 6954
9598 5313
205 4743
434 5191
7157 7792
6512 9456
5338 4712
1825 5805
410 4165
253 1235
561 2148
6005 9147
3767 5444
7840 9850
4768 3310
7559 4805
2269 3314
4832 7021
7864 4265
4136 1951
9404 5132
3981 1257
646 9642
3960 8913
7314 4123
4047 9939
4471 6258
8480 6461
6104 3077
3857 4544
7833 2385
6195 95
1830 4433
914 985
2484 1642
5712 7655
8950 3391
8240 9205
7702 282
9575 3998
442 7985
1585 3747
2762 861
3268 764
6869 1180
1522 5274
351 9069
9922 7441
3836 4953
4685 2394
4129 1527
3531 9347
1981 1107
5257 3277
2585 6159
8350 6023
1147 592
557 1513
6636 6741
4776 8911
9614 469
6047 6341
9721 47
4955 2468
8198 147
3738 2016
9755 7273
2627 5910
9227 2062
9726 7887
3584 4057
7859 1119
5313 2485
761 9325
4743 8356
9094 6238
7843 1600
2391 7838
3213 328
3879 4015
9281 5979
8155 8173
3264 1729
7558 6392
5409 8265
6636 847
9831 1352
3666 7911
439 7437
7171 9581
6166 9309
6626 4042
911 3013
6978 3384
9677 1795
1482 2025
7097 5732
8683 6854
8102 288
2993 2165
4532 2956
3976 8187
1769 1502
9501 5300
9280 8616
7541 9277
6351 4092
5764 5523
2554 6173
8917 8557
5238 3698
4904 5561
2630 7800
7788 7540
1618 4511
7758 6149
3888 2929
5066 3873
1054 8329
9496 4094
226 1823
5197 5128
5871 4130
7396 2066
5282 4698
789 8586
8310 3919
3794 5782
726 985
6445 6363
8913 5385
9040 3176
4282 4654
731 3981
1465 9216
8238 4515
3523 2545
5960 816
3611 1917
2254 8093
6075 455
1452 2627
9245 9122
555 1958
1780 8411
9246 9053
4257 7527
8117 7720
1314 4442
7516 925
8482 7835
3308 9909
5008 3683
8905 2377
1117 8396
8823 450
3675 9159
7009 7368
6211 9837
6069 9669
5545 1889
4870 9608
3336 4591
8792 1479
4696 5799
4834 9557
9016 3528
838 312
164 6962
7501 4823
6357 7692
5744 9967
5738 9191
2647 3234
7512 7620
7848 7631
3202 3446
7378 7883
2626 412
4490 4422
2603 2447
2481 1220
6466 9426
5688 8281
5219 2088
7722 9109
7242 1956
7438 6960
4335 9243
5867 699
3165 4
787 897
6810 9240
6245 1389
671 7779
4667 3496
2266 8470
5842 4504
1781 811
7070 8083
1884 7499
174 8887
4671 3336
8523 3267
1407 153
3220 6919
5026 8090
1033 9647
4803 5305
9261 5247
7197 5213
3756 7051
13 861
8158 8487
508 1407
3221 5994
7017 6741
2400 1097
9167 7656
5065 7330
3412 4297
9599 3922
5311 5894
4266 9657
161 1943
5056 577
5450 209
2950 7678
8431 4688
3772 3700
2528 5035
6348 9100
9782 2413
3429 1587
6268 4557
1608 1340
4928 5737
94 4206
8168 1513
957 208
5001 6085
5853 3248
5395 2673
1085 6497
6254 9366
548 7491
2398 8001
7783 1099
7278 4210
6086 3515
4846 9600
9899 9467
8155 6256
4611 6182
3408 8221
7202 6293
7737 5884
8256 9353
6499 7736
6386 1069
1701 2233
5686 4018
5409 7976
7611 9442
7477 5467
4743 2393
4065 3184
982 1355
7521 3899
9245 7802
7917 7101
5990 5446
9793 6758
6430 6562
1158 1562
1062 3208
9212 9346
2967 7503
7879 2560
2078 9603
9345 9174
6556 684
8644 9666
2380 8164
7433 1537
2625 6622
7043 30
994 2341
2430 240
4839 9911
7528 1219
8895 7101
3001 6252
8237 7735
5394 3104
6244 7410
4019 9587
9872 8665
9444 8492
903 1406
3582 231
311 1222
4823 82
2132 6020
3192 9032
3115 2046
7691 8213
7641 173
1679 6918
3721 8245
9175 7440
3927 1420
5962 3329
2754 7143
9164 5992
1200 8976
6429 3780
4773 6489
5251 9107
9536 2275
1701 3041
7656 6114
3652 1094
9736 1655
9889 1698
4522 52
6941 4119
2333 2840
5526 917
257 2684
203 1599
2833 4191
892 4030
9805 4589
2778 4565
9015 5003
9262 6328
5119 1438
8123 3342
2782 362
9727 9545
9547 1265
1361 9047
4121 3762
6953 3050
5891 7942
1541 8463
881 8115
4960 2667
3249 2343
7526 6363
4538 1104
8411 6932
2121 8176
7287 6043
7034 7644
6978 5190
996 1156
6565 8119
1413 3230
438 2755
3925 2746
4192 3852
4283 9483
3084 8253
8021 6867
7434 4199
5176 1516
2545 673
7285 7303
6595 2628
305 1698
3414 7746
2420 3655
3335 5989
2934 2000
9421 1843
4179 6806
7320 9784
6553 6958
4541 8693
6807 5576
9216 9969
8566 9562
8946 161
3428 134
2386 9160
6436 3933
686 4300
1208 2311
3852 6909
5115 7000
9816 2084
1304 8503
6808 1044
4543 3159
3592 7561
8567 9080
5910 2397
6101 1835
7922 6955
5575 3563
4139 2566
1362 8816
4194 1201
1651 3713
4184 1757
2646 7402
3363 7185
8387 6583
770 7653
955 9365
2927 8226
9001 3852
4423 8307
4977 5547
8952 8950
9407 7089
2261 8200
6660 5859
2656 6271
5118 7756
6020 9093
6996 4990
8074 761
1616 6527
2617 8629
3359 6101
5430 841
5530 9430
2271 8716
6009 1905
5599 7003
7452 3931
3728 5306
3666 1518
530 6974
8980 7197
9652 4428
8133 5040
4519 5293
7851 2544
5902 695
3267 4911
6699 7447
8140 207
6821 4054
8988 6182
9931 3973
2087 2192
1722 7640
5413 5119
9894 1499
9395 6454
5130 1653
1940 2609
7130 1632
1096 2721
7556 1993
1442 22
2347 9796
2108 2152
2498 4658
1333 6575
9609 469
1796 8112
5706 8719
9611 5460
8181 1377
9496 664
8976 5858
627 5883
6717 6956
1377 6771
9377 41
7066 2797
4132 6051
732 8862
1219 8110
101 1589
353 3945
2934 1661
7440 8174
5558 7938
1455 9802
9523 2983
9205 5302
4621 412
9382 3295
9099 96
3532 6136
2922 5041
3695 7834
5687 2927
8724 899
3129 9648
9173 8042
6879 3855
1756 7003
3059 7576
5970 1541
4549 5856
1618 4997
4939 198
3886 964
8131 6149
3323 2842
8662 2367
9517 1355
5449 8678
4337 8059
7924 8525
8213 4267
9296 6747
4951 7012
6868 3775
224 5787
2043 5909
5919 2817
8740 3785
7886 2561
8453 1433
1867 9366
7527 8309
4545 747
3156 2948
4907 6081
8994 5235
7881 5848
6421 2460
2689 3547
9543 695
6206 5183
7633 1811
9175 197
8554 5283
4046 6556
1517 4258
2673 6922
2651 7960
4255 2428
8335 8174
8453 1588
5235 7221
8837 4247
3000 337
4817 8284
2198 6313
2333 406
8405 9338
3844 8517
3631 9816
9363 3997
7043 1491
5827 1584
6076 8875
2355 3292
1466 9188
2693 11
2839 3937
7179 7681
2677 7335
1176 3527
5855 4287
4411 7653
1270 8059
4201 4070
4282 5519
5455 5436
1421 7600
2114 9939
8959 8018
3299 7539
5266 9379
7967 363
932 9903
4035 1932
9428 6955
4634 7919
7848 9473
1048 1936
791 3970
3700 9500
2153 5638
2769 588
5722 6156
19 6587
9516 7347
9033 686
7876 9021
1881 5778
9024 2879
6215 369
9389 2321
2102 5478
1666 7829
750 129
4205 3739
6319 1182
4466 8495
3966 2277
2763 2109
5866 6208
4323 3402
6157 9827
7425 3725
4691 6723
9158 4273
3454 48
1216 1318
145 2037
9550 1222
2769 2113
3658 7635
1234 32
9386 1003
6358 7384
7605 3216
4462 3052
2523 6389
1558 7110
5853 9712
8571 1068
4692 6419
5844 4276
7717 3815
5432 5276
8871 8015
2023 8755
8936 5454
2712 456
1346 23
4672 43
8081 5556
8974 3491
7192 8995
6744 979
275 8158
8249 8649
9760 6964
2439 800
2838 647
7638 5008
3502 6004
4642 8712
4485 3709
3125 8211
7136 2282
9971 5689
6371 92
7752 3519
326 250
4529 3220
4635 1598
2305 5473
2467 7435
8203 9146
5632 7438
7932 7473
6461 2982
6311 6412
7250 4024
3081 4974
4832 8716
9021 8641
1312 2091
2277 4240
5596 4600
9657 1409
67 3964
3143 6402
8326 8374
5107 5491
8085 3129
3895 4705
8508 1261
8066 3300
2861 3157
4119 5429
3259 6831
8801 6452
1091 7113
9828 5648
9823 8238
5701 9956
5197 8499
1457 5761
9652 8921
7057 9504
6234 553
5649 4169
6505 398
8019 5194
453 6922
9818 439
5122 6849
5156 4565
7227 7939
3491 1768
181 1115
65 9921
6472 8320
2923 7608
280 9906
3143 4590
3364 6050
1586 5556
612 7951
7798 3092
255 6545
6781 7209
4888 9353
5867 8945
1174 4934
191 5386
1396 8166
2742 7186
1507 4818
5599 6069
9584 7540
8956 8768
2303 8013
2980 4232
714 9447
4745 4739
7561 5940
2228 5076
3294 6360
8388 5139
7402 5498
3996 2142
8442 6766
9846 3052
2758 7071
6737 2397
3718 6642
2072 2512
206 5313
3097 1608
3120 3034
2389 2798
474 9864
941 3644
8044 5100
9776 6394
645 829
1678 1297
8985 2971
6017 9251
7642 6575
9431 6985
583 3388
8374 6048
7689 1480
2992 6312
8058 1754
8857 774
4076 8605
9207 4453
9301 255
1015 9703
7171 3297
9324 3200
7676 5170
6406 9251
8890 1659
6387 310
492 6473
1418 4293
6586 7188
2929 2876
1686 2202
3678 9169
2758 3267
2703 3417
5363 6105
2272 499
667 7401
7997 9946
9479 5153
6538 4471
3879 9951
3784 815
4117 2901
6575 8955
4138 8914
4645 2640
5908 7225
7574 8257
6079 877
4 7441
7722 1746
5982 904
1144 8944
469 2078
158 3072
5322 3358
2287 8256
5726 2928
8754 8162
6060 2352
7532 7734
198 8983
4689 3613
2403 3563
4657 7465
6128 8011
7836 7043
9303 588
4589 8880
2725 5129
2856 3199
3632 3338
8864 1122
6775 4461
1995 6338
450 2353
551 6525
5002 6742
1543 575
3893 8234
9480 2090
1564 8859
2410 3087
3837 2616
2272 5951
1717 7152
9459 8855
2888 3463
9636 7102
4352 39
5035 6086
6450 4410
2666 373
5493 9678
4031 2012
2682 5557
5355 1809
8023 1231
7110 5248
7454 9298
9061 5800
4887 3650
2441 4442
1049 5604
2360 12
8461 5501
8816 3782
8607 4217
339 8163
3435 5448
4539 5476
9386 9617
1528 7762
3896 5836
3833 3719
2279 3500
1607 1371
7928 3412
4559 402
7852 9211
9907 3470
1097 9123
2075 8848
4168 2109
2459 99
5683 593
169 3650
3057 1914
8636 3664
8979 3472
1218 649
2427 3935
8754 8448
6093 3692
4538 7074
6040 8771
9412 5554
58 3442
3783 6722
2145 7801
4397 7126
7934 2336
954 7866
2956 426
4357 7615
3583 8380
4712 26
7286 280
7455 4759
1637 8641
3843 8917
3631 8524
6273 7363
4886 1694
5151 828
9359 5023
3359 1558
4375 4898
6999 8404
5444 4614
6198 1680
8460 7538
4791 4683
7663 2484
807 791
4531 4947
8076 4287
604 5564
1837 1907
42 4805
7426 8292
8007 1305
9323 7195
7216 4229
7362 6302
4349 4441
1609 1346
3095 4762
4102 6641
9163 9654
3359 7586
7916 4166
6495 2291
5751 4537
5414 7817
6028 630
8409 8407
7947 9944
2386 6892
2371 7093
6850 3641
151 8409
3319 4979
731 648
678 7723
2656 8628
5177 3957
6583 7721
7966 7609
9483 5505
7814 14
5651 8053
9069 305
5368 9686
620 5077
2900 8391
2428 5517
6888 5970
7794 5840
9974 9427
7366 4635
8966 6541
4878 3027
3153 2490
9546 848
5921 9291
6121 3908
5658 4706
1283 9044
6063 9604
403 4445
5326 4793
5594 4999
8029 8743
6071 5280
7788 7303
2675 9916
7217 4179
1464 6818
8706 288
6493 8909
5451 5950
7917 6250
9344 1627
4202 7111
614 4826
7484 522
1251 27
7970 4160
4871 1054
265 6522
2333 4931
9187 6512
8389 9581
6452 750
820 8403
1089 8422
5732 3149
1089 1032
5737 8063
8418 3209
9410 1414
6797 6646
4208 9122
7188 333
9711 7118
2418 3583
3592 8736
4303 9692
6979 2902
5910 5973
5953 8646
9647 54
4101 1435
2688 5713
3365 8989
8707 2738
2244 7693
6466 9512
7591 8092
9520 8991
7121 9669
8631 4788
7032 6596
9297 898
7844 3474
1027 1258
6409 1986
9847 1023
4840 1178
7627 1893
7248 9088
601 866
4687 3537
2358 135
1721 5276
1510 5576
7434 8957
279 1184
6118 3822
6369 7600
7502 8155
3524 2609
7461 959
5392 2339
9134 3192
3301 4834
8219 720
3188 5811
3318 742
1275 278
2721 2838
8844 6558
9322 3864
1838 9142
6146 5618
3270 7424
3389 8645
2562 4342
1361 1370
3779 527
3566 4945
9467 1527
1548 5735
4256 1006
7745 6210
7201 666
5732 1282
1047 6892
5697 9372
4515 8492
8036 5007
6794 3829
3601 1784
8450 2926
8138 3626
79 2561
594 3180
3159 2391
2900 8162
3035 3725
9757 29
127 8206
3558 7286
7774 2248
5247 5463
1829 5049
4266 6239
3987 8033
9493 3188
9135 4052
8912 1015
8791 6335
7372 7510
8328 4319
7035 6225
6395 3426
1624 7928
5081 8951
365 7036
7189 7079
9290 5843
3697 2896
9357 8913
3757 4648
1262 5632
1209 5028
615 8151
8118 3084
2822 2745
9123 8745
8026 4456
5444 458
7398 4963
8810 1525
9483 5676
4840 9932
6931 4437
6487 8310
2005 2102
7486 117
3427 649
3676 250
9557 4962
9726 3235
4089 8224
7477 3560
4509 9574
6460 35
868 2543
8802 9910
4566 3127
5548 6070
8397 47
5467 4003
260 4134
814 1090
2310 7330
5812 3338
430 3144
3267 5305
5105 5268
7735 396
4301 3920
5592 3459
6882 8462
3184 3363
8907 6449
5273 3498
223 4583
4123 8830
2825 8887
1655 7849
7618 4014
2111 8436
2154 9473
3753 1963
7896 9294
2808 8634
3450 2958
7227 5461
54 8362
8565 8437
4926 6922
387 1446
4062 7781
7599 126
2948 2799
3652 7000
6121 5817
5210 5080
65 9669
4167 1870
5767 6774
2875 4150
7480 2338
8647 8152
8322 2157
1784 6573
8595 6610
9700 9071
3263 6975
4335 722
9218 1304
6746 8903
6614 7246
2547 5913
536 7132
5335 3480
5435 2479
3864 1759
2462 6877
7656 4418
7394 1329
4203 4749
9515 812
5307 2873
8383 6491
2469 4607
1551 8569
3106 6459
1478 4114
1332 7301
9817 9220
396 8788
190 7555
6767 529
3186 6742
4053 9927
6504 7354
5671 3477
9479 4894
6126 9435
2131 433
2461 7908
1013 5039
2765 7014
7484 7222
9211 279
6294 8853
1496 4352
278 5494
4321 3461
8204 1047
2037 5223
668 9581
7963 9334
4295 4229
3795 2857
7427 9488
3428 2962
2389 2837
7534 3026
5515 2140
4451 1626
1223 4904
3435 5326
9895 8402
8495 3587
4599 2048
6470 3746
489 5267
8016 6768
5297 5878
210 4052
6983 6661
5629 7348
3733 4736
8710 3374
3571 2392
9068 6104
4261 4632
8306 2410
2686 2919
2438 1244
8534 1859
2293 4003
2340 1628
8076 7336
2250 4525
8121 1306
3053 4008
8903 7437
2975 7468
5577 851
5088 7070
1732 6768
4915 7426
6494 8302
5197 7864
7297 8834
1987 8217
8508 2215
5356 7165
6813 3418
5127 5621
9449 9428
3526 8666
7537 6885
79 3347
1976 6460
8843 6200
7022 5204
8735 6609
2343 3647
2226 8833
7470 4319
1202 3667
4755 7654
2328 7515
6316 4374
58 1034
9775 92
3305 7378
8754 3539
322 5653
1478 5685
3433 8371
3490 142
6635 8368
4311 2980
1807 4997
3293 2769
7118 2916
1588 3941
6306 7619
6310 4894
5768 8973
7785 4859
7838 1201
7129 2260
5129 1752
498 7490
2881 3297
6541 808
2330 4278
4588 8506
7951 6082
5311 8275
5721 8102
5416 2145
1200 6223
6814 8988
6475 337
7198 2684
3432 1063
5668 3412
5352 6709
2273 7515
7769 5802
2733 8414
1278 4335
5211 6572
7147 6823
3264 8398
574 3649
8609 3572
8538 9177
9405 9723
9604 3885
5794 850
2782 9333
4081 9233
1571 2713
715 105
7643 7688
9735 3406
5200 1116
2195 740
5084 3833
7132 6412
1181 4086
8650 4075
2049 7417
8678 8373
5199 5929
8520 7614
729 783
8320 324
3608 433
8580 8677
9438 9928
7479 9459
8088 3244
7954 7723
7213 7062
1665 4143
2747 5243
5961 2942
8043 2987
839 987
6643 8091
4967 2271
6964 7269
7654 9194
8656 572
2612 4644
8372 6120
4074 3461
9439 6773
9905 3712
361 2703
3180 4772
5252 1309
7360 1106
7280 1410
2074 59
9003 2827
975 1819
3498 9662
4410 5185
2986 8134
4270 5178
6372 9011
1700 858
4370 9356
8136 6763
7868 5344
9233 5862
3218 4187
8376 5236
6648 3670
9473 8581
2629 2311
8375 3820
1229 7416
9557 1283
2387 266
6029 1161
2594 1711
1518 3088
4878 5569
3699 7353
6102 438
4754 2551
6146 2851
9808 1121
6130 3487
3206 735
822 7604
7301 9655
1665 7694
698 5160
3723 7073
7745 8611
7026 2981
2602 909
4383 3528
9594 4192
9715 3407
5163 7548
1424 9937
6450 5165
985 2172
4652 4041
4758 9197
2781 6108
7893 9914
3745 3088
1087 3972
9753 2975
1941 4624
2681 9422
3153 5531
8490 5501
8406 7046
6505 1677
4917 9177
2663 2914
9599 3740
9800 2143
4459 5135
6687 5603
2452 1459
4485 3092
2548 6339
3002 9246
3454 9259
4120 4154
6328 8277
8402 8829
1974 9818
4496 2611
8962 6945
4429 6190
490 3949
3071 1353
1324 1587
1867 4390
3808 6615
9283 1427
5573 5888
7710 6290
7014 4002
3671 9251
2699 5685
801 4570
4224 6618
9075 735
2266 5988
344 1232
2626 5035
4121 7888
4737 24
3934 8730
4774 6968
2109 6873
5964 3663
9881 6297
8578 208
3378 810
9875 5526
2631 3567
2402 1756
7601 2027
6822 8619
9294 6006
880 5223
9011 2331
2006 9476
3409 8695
5304 5649
2031 1179
9643 4662
4965 8978
3355 6403
8868 3777
5033 4389
4025 4981
5340 5906
1400 3173
1967 5685
9900 894
7341 4127
6727 1314
9611 9669
9337 6231
2531 1639
4299 1828
2039 2639
6327 1537
2820 1655
6406 9421
4491 3104
9678 806
8901 1948
9659 5091
427 1871
1354 6164
8271 901
9267 7813
6503 8953
8303 2973
7194 9666
8930 4980
5220 2584
8452 1622
1041 9643
7572 8284
4563 4354
194 5035
573 1550
7540 6078
6769 8438
3081 8731
4007 5697
7313 4077
7475 4873
8655 8970
5889 9703
5567 4038
7817 8445
5194 284
5739 1138
8745 3883
699 1974
2609 8540
5321 9070
1917 9053
6675 6602
8495 3291
5557 4460
9006 6429
9679 9439
1347 3619
9445 9559
6435 1026
1532 520
3439 3778
6959 1158
5781 8667
3914 8631
2945 4821
5428 40
5622 4534
7500 3484
8854 4228
3669 4905
3829 7212
2851 5069
1965 5435
8915 3354
5371 6391
6726 3278
4758 7257
7596 7014
3388 4316
9838 9096
9737 3758
8967 6730
6660 7461
2040 1914
2638 7001
1223 8106
9493 4274
3392 1454
6080 5700
8371 5764
673 6343
8523 4948
2269 6648
9295 6703
9494 7879
6801 2916
2679 5249
7923 2090
1226 8896
3898 5089
7322 3610
8078 6054
8134 296
6353 8614
9274 1269
8217 8885
8102 3530
6958 8645
8065 3519
4857 2244
6909 2247
6730 6558
1820 7888
9374 8416
6261 5998
4886 4984
1283 3724
9010 1667
5029 7384
5692 4118
3219 8106
5266 2863
5534 575
2508 3089
5371 9654
5071 806
2142 2837
3665 4704
116 9211
4132 7561
1880 4100
9571 180
5265 762
3876 4270
4821 410
4424 7138
2657 7037
3860 4954
608 1962
4017 9691
9239 3717
7083 3853
8253 8147
9123 9616
6227 644
4030 1002
2450 8196
2555 6821
285 4114
5043 7339
3630 4777
1642 3678
7345 3203
9439 5172
4899 876
2665 3463
8648 1842
3890 4811
8888 1679
9685 7401
3680 1062
4434 3240
8405 5076
3482 788
9190 878
7555 5108
3759 8094
5108 294
1203 9586
3607 2598
2068 2322
6678 2926
2071 7762
2998 1498
5276 9043
992 4533
9965 7986
28 7303
3377 6818
1272 2283
6590 6153
693 8798
8552 7085
4831 3984
5334 7040
6107 8986
6699 3068
7654 7869
9320 5398
1038 3142
3822 7590
3607 939
8594 745
5528 3168
7275 6966
4309 9703
1994 6716
2043 3959
8738 9259
6662 9092
8717 7564
3703 8541
7261 2666
9556 9279
4214 491
9946 5846
1670 4045
9008 9451
2281 6134
4581 7789
8907 915
132 1944
1800 2713
9892 4544
2831 1153
6777 5298
6215 8495
891 1272
6499 3095
167 2016
7093 9405
3026 8763
847 7508
4004 8365
9248 954
740 1020
6011 5352
727 5147
2415 9720
5424 4945
2990 3533
3246 3959
6931 1705
5330 5831
5150 4343
7433 266
4330 5108
2527 5831
1641 3914
7813 7993
4457 356
6743 5912
5533 5430
9305 7492
904 2139
8122 2350
3842 3344
8236 1765
7760 9340
6439 5119
4236 6731
1940 7975
9538 4777
9319 3959
6738 3039
6262 2125
801 491
4989 1594
9255 4853
1064 7875
2702 2327
2315 8136
223 3743
7774 1916
9927 6239
9952 2098
9459 4238
3455 3402
8438 9769
6026 5118
7854 8309
2118 5031
8761 1744
60 4007
3512 326
5243 5564
4662 7935
6721 8076
9761 7296
860 6944
1377 4230
1484 8895
893 4683
7760 7765
5298 7184
6431 4625
98 602
1475 125
9917 2365
5307 6561
8765 7811
3264 5632
9792 397
8469 8175
4379 2656
7950 2168
8768 2007
7833 4630
4455 7224
8424 1552
9007 1666
2571 4087
4419 2485
1651 3736
5314 3078
352 1612
5743 4282
1381 4661
2710 3763
9409 2266
2665 2775
6505 889
4453 1905
2845 6649
4048 8234
8383 562
5079 1691
8588 8421
5622 213
3443 9526
6625 6155
9871 1523
2984 7283
5048 9697
6142 4800
7920 7832
2222 7685
298 749
9348 6393
2705 7573
3860 8491
8274 853
8425 9229
3009 1845
7549 3499
5918 6055
1009 5363
2703 5546
4536 4569
9061 9881
2331 544
7433 1866
2490 756
5970 6708
3755 9018
4363 6997
8459 7441
5585 893
1453 7337
8452 8977
8502 743
5666 838
9584 2825
9109 1132
4450 4669
6874 8174
1633 2631
2786 1103
9846 8540
3190 8648
70 5108
9751 5145
7659 5718
1002 6930
712 8019
1922 7302
772 3433
1361 4616
4170 4394
8738 4484
2328 6430
8470 444
7469 4539
3009 8328
459 3343
3019 4687
4168 4378
2334 3490
4085 1547
1482 3972
488 4994
2331 8190
1981 9214
279 6684
6311 3673
4095 4389
8765 729
1745 6483
27 3961
311 402
3778 5027
8770 3021
1016 1614
1407 2022
5238 1602
547 2191
7924 9229
4916 5780
2518 6777
3781 4295
9804 9862
4333 3073
1469 4063
2251 6521
3207 8661
5768 2128
2092 201
4004 7515
5774 5599
1651 1664
4349 5423
4143 3093
6649 252
317 1844
6951 3070
631 8953
4985 5152
995 8275
9775 118
887 6305
5399 8171
6374 8987
5705 9663
5818 1957
7638 7750
2191 3137
4386 2666
4099 7154
1132 8187
527 2018
8539 25
6214 8426
3914 3820
8921 5513
7074 148
4760 2249
1507 7348
3965 1631
471 6878
4082 896
9647 343
4530 134
6709 5750
4466 5571
3630 9390
4787 5379
8062 4555
450 7909
8052 1806
7034 6924
1754 1900
2051 1959
9243 4788
6803 3301
8275 1970
4425 7332
9174 593
3746 5966
102 2075
9933 2884
8367 5051
7171 818
7373 2257
7486 4820
6289 5534
5172 779
7417 1698
2719 7098
3177 245
7020 6683
6729 7803
9379 1554
6314 5660
2723 4599
4516 2978
7793 3814
5572 6189
7502 7226
5381 8222
7735 1778
4955 1099
9298 4343
8418 3397
7823 113
1749 6222
6575 313
3870 6553
5503 102
2221 1688
3729 3871
8029 5252
1921 5058
3401 6178
6495 6021
7751 9429
3957 6768
2291 7971
2351 8336
6298 2216
5853 323
4935 8629
9822 6575
3842 6882
2556 4455
4948 4475
4603 8047
8070 5982
1587 6632
883 8780
9174 2765
1121 418
3857 8005
1912 9289
2437 141
4191 7353
7804 406
560 9693
7121 2485
2568 8512
5733 2293
8806 4196
7261 8603
6135 2630
2683 7787
9088 100
8584 2240
5881 7889
6624 8246
1373 4464
4389 7940
375 1345
9772 5368
7246 9153
3315 4150
5613 1884
8738 6991
4287 8377
5396 7768
7263 5011
6437 1837
1271 5204
349 2833
8608 9492
310 578
6133 344
740 4309
1604 246
1902 2280
5471 3391
6234 8830
8462 8207
6847 8482
3899 4362
608 3771
9716 2314
4712 2754
7961 7442
2164 1827
982 6375
7342 6664
6423 6043
7035 1114
173 3936
6892 2260
5391 729
9087 4431
2815 8167
1407 7533
3533 3868
4189 3541
7967 8656
3882 7540
8539 2056
6621 9084
9631 17
8293 8917
4304 9893
2814 1385
3254 4487
692 7984
5294 4724
4460 4350
1378 7693
1318 1624
2087 7384
7635 2825
9765 1895
6060 4729
2282 7942
1642 5238
7263 4937
9853 8728
8520 2250
5688 355
6302 6080
3527 1296
3114 1637
9759 6150
1191 86
3216 6745
6969 8400
6265 9493
6864 8155
1304 5861
6996 1461
6996 7597
7459 4779
7131 507
564 7947
8329 5281
5903 4613
6757 6789
5029 8696
209 4213
1941 4134
2397 9394
116 1712
8387 7617
6733 4025
4420 9606
3455 7737
3165 2784
8424 2741
7034 5090
5530 4035
7556 8963
4384 9897
8992 8021
567 7329
1299 8194
545 7006
3704 5512
4151 6590
8087 2271
3397 3415
4079 2125
7781 3292
8840 8399
8279 336
9096 6002
8921 2746
5042 436
9134 5272
6581 9330
581 2181
1495 9646
7015 475
5675 2254
9212 1379
4060 7065
1467 1138
2483 1728
6866 4370
6450 2105
9045 1988
5051 6743
9634 7497
4934 121
772 8132
4126 141
2950 2691
6428 7975
2863 4250
9432 7467
1470 4946
9721 3510
9436 1167
196 4616
2198 1611
5832 7081
5917 5934
5772 9682
4812 3791
246 4760
4216 3278
8911 6209
9144 537
2811 1195
9703 9590
9089 7243
497 4949
5449 211
9356 4574
4559 9124
5391 2510
421 3788
1012 8804
3248 9074
8835 6730
227 7149
5207 5134
7909 2812
915 8964
4433 4299
1440 4146
8487 6457
2551 7585
6459 2172
3471 5424
1181 3791
1010 6321
792 575
4082 974
6243 33
388 2042
621 1694
9617 735
6901 203
3990 8841
408 7681
7533 1928
1385 930
2589 244
9597 4802
2356 4516
4398 6962
2980 70
718 7346
9134 1326
6565 9228
3476 9840
869 8356
2218 6414
6790 7005
7454 7446
1244 3741
4707 6367
5391 4096
6877 203
8613 4677
4428 4187
1232 5079
8389 1165
5429 4920
9110 2343
9483 6040
1155 9011
3303 5185
8342 6084
3759 283
4291 197
1913 3950
922 1989
9770 4001
9340 8962
6305 2522
9792 8969
3553 2445
8104 2949
5906 4466
7245 3801
3264 1155
5165 4058
906 3459
247 6090
8367 64
4453 5394
7874 3614
4654 1014
1649 4209
7761 3518
2696 6824
525 6709
2564 7888
8477 7665
5943 5154
9757 7909
8188 1738
6653 7045
1829 1064
4714 387
6954 5834
5389 6084
2777 7734
4239 486
2484 2259
3254 5974
5580 8359
3938 7759
9132 7161
5959 8541
3581 8742
931 2713
6787 4280
638 9673
9220 281
5467 5784
7999 5198
6447 7119
4378 6935
1359 6338
4752 4797
4941 7336
3833 8075
6657 5169
6324 9658
9717 7072
9826 6660
7740 8185
8418 1991
2456 1354
2141 5369
4442 1209
6759 5920
9587 6791
5728 92
5030 3851
3060 7603
3712 909
3758 9637
8306 9484
9930 9723
5445 236
4189 6264
4663 2720
1717 6541
424 4905
3729 274
1000 2326
7806 9571
4567 9874
7282 2008
5315 6059
6258 4478
6606 9160
5731 8786
935 9291
7174 4679
3562 1987
2767 4552
5286 6337
9565 8093
3862 7353
1606 4710
165 2291
8801 7283
2811 5163
4829 1474
2152 4562
7509 5603
402 4641
9748 631
1930 6916
6360 7482
2229 5092
8555 5601
4191 424
3735 8872
1745 4347
1814 4389
1952 965
9379 3027
5921 7757
9251 6653
4118 4037
6550 3917
4446 7374
5690 4809
8323 2717
7089 2884
6120 8274
7381 3958
7140 6019
412 648
4871 6245
9588 6814
9766 1233
8210 997
2652 485
6041 1564
2468 559
5669 418
1547 4949
1406 7485
8940 5287
2062 3539
1855 358
317 7318
9604 6626
7238 413
918 5949
9401 5183
2766 5143
6574 1870
2476 6053
7557 662
975 4031
3216 9134
3772 4634
2880 5750
5062 1540
5089 5915
1975 8047
5590 2331
8807 2251
1395 1309
1133 4353
5240 8163
140 1180
3620 8882
6807 5394
67 7708
3188 1642
8666 4057
38 1901
4662 2397
4081 5349
1399 1290
775 3267
1014 544
6246 8958
430 7495
6863 8675
2606 1381
9812 6609
8586 7950
2052 8548
2337 2914
6137 2545
3251 2727
9483 5295
5937 6725
6558 5848
997 6554
6748 8878
7747 3549
727 5338
5874 6887
174 1750
3971 4746
1748 7682
7788 6183
781 2142
6152 1456
6024 7796
9391 9723
8095 9374
5993 1020
6784 1952
4445 3742
3111 1911
432 6813
919 3007
3389 8635
9067 3181
4589 5349
1825 251
7857 8892
1312 4899
8157 5129
2221 5399
8041 6492
7574 4841
8988 7283
9694 9692
5294 9956
312 3831
3347 5419
7253 4112
1621 2924
2741 701
9351 5626
3716 9066
5325 7720
9724 5186
3008 5852
8678 8149
4069 6896
6034 1384
3697 2441
399 761
919 8470
6334 3859
6253 4076
8483 4477
5284 6217
3842 4544
8050 2679
611 1221
9371 4695
7279 7263
2898 556
3390 6195
9269 3498
2115 4585
6813 9802
6259 9231
6919 395
4408 112
1516 9175
2134 7880
8660 2861
4641 4903
4835 5300
3234 5692
5555 7376
9395 4912
664 6260
5304 5421
6677 9110
6451 1628
2130 3052
8048 6144
9769 5069
5772 498
3356 4674
1223 4698
4467 6856
3585 511
7244 5457
2381 3979
9562 860
9472 8672
6276 7413
3608 1726
7098 4617
7527 4464
1618 3494
7905 353
4942 430
4522 4994
6372 4046
3832 5013
8159 4630
1036 5864
5034 3263
6727 2129
672 7312
4400 5533
8410 8840
1220 8381
1603 4078
9951 3421
6999 305
6596 9875
2428 4760
198 4192
3189 6749
2670 3234
971 7767
7741 2271
643 541
4980 9216
5219 5309
927 3533
5471 7689
7863 9457
4796 2973
9300 2136
988 9475
2769 7646
8668 6212
3836 2534
670 6467
1120 7728
8685 2750
9652 8027
5147 6101
289 2646
2259 2754
1234 1638
6175 7930
4609 7168
3671 2615
1232 6527
9712 6533
9846 6562
4357 7747
2665 811
1150 2672
7217 8851
3993 195
6256 4613
9771 7529
4509 1171
2648 2671
9433 209
1706 5991
7279 3078
3665 2675
9009 4473
5840 4006
3979 3421
7574 2013
9798 9537
8599 1787
3757 4402
2833 9390
4318 6886
4095 8313
7748 138
7812 3692
6232 9252
9555 6537
7558 9163
306 8888
1561 5791
43 7561
8438 4777
6815 8017
6712 3403
8844 8785
5203 3162
480 1560
9716 2676
1667 7549
8209 530
3170 8967
5658 2791
3603 6504
9463 2131
6860 7315
5789 5248
6932 4158
5182 6811
270 7842
810 3493
442 2025
9369 6264
5299 6358
5207 7134
8984 878
5038 6793
887 9761
6128 1038
4071 8146
1442 4960
7007 5278
5086 8804
2312 8247
7967 7758
8059 7259
4138 1555
1733 9544
9899 7652
2573 2583
1990 596
5517 6991
1406 2959
9031 8541
5220 4631
2973 5161
2632 7311
208 4426
4481 4666
3078 9506
3157 4884
7634 2011
1641 5026
1455 1064
9725 6057
1337 4916
744 2397
7649 6140
2853 7294
7198 3888
4949 7204
8121 1640
8694 3251
3866 6993
9839 7425
5350 7529
1189 5659
1167 9457
1064 7318
4469 8572
5653 8936
550 113
2455 57
6396 2152
6093 1579
543 2925
2402 5353
5484 2972
7206 7157
6468 1199
1654 7428
3581 2753
6245 1899
4170 4263
5728 3806
8254 2492
2308 6415
8157 5648
8663 6356
5242 7345
7014 6181
3301 4126
8860 4498
2410 8025
9151 1220
3698 6494
1586 4232
2237 1200
1883 5298
5297 1045
7424 2724
6150 2346
4964 3428
7540 2232
1838 7546
2919 6259
6655 7701
8186 5215
5173 2534
3629 4252
5508 6482
3387 1881
7436 8349
7809 8207
1026 1458
9896 216
8822 1644
9545 8082
929 9188
8000 6967
8868 5307
2333 9017
8708 7287
924 5118
3430 7962
2498 5739
897 9892
8912 8971
3104 9284
9124 7640
3529 7524
9126 559
3693 1123
7483 3362
4330 3872
2732 5399
3907 6988
6152 9255
1186 2139
361 4885
1475 5252
37 4370
6698 93
4749 821
7934 9352
2074 984
8763 1477
948 8301
4741 5037
3869 1266
9328 7789
4884 7422
7438 2863
4672 107
6150 9024
4842 6556
8732 2746
1060 6587
9479 6362
2747 5496
2479 9022
5442 1188
2877 5775
3961 3397
6474 5090
815 9144
2535 623
6660 2765
7290 6811
4135 2842
7964 3012
5008 8922
8146 6989
2366 5817
6006 6512
111 6662
1273 9541
8568 9612
8033 4316
8513 8261
7759 3727
8498 4372
8937 6585
6021 614
6918 3213
8167 6968
5555 5508
6852 9592
256 4776
8857 7760
946 628
9354 167
3241 3133
2781 1479
4742 565
9867 7158
4335 7226
5196 9325
6769 1771
9949 9890
618 2054
6542 1017
6745 5505
4589 6671
4580 7549
2130 3961
5206 6318
8713 6664
2601 4552
3280 2619
1130 6086
158 5383
9653 4980
2034 287
8830 8625
4611 5936
7657 9115
8446 774
4994 215
9031 6744
3451 4586
6774 8581
9892 4092
1471 8536
7974 8027
7917 7401
3749 8610
4052 1772
6713 4092
496 4549
5453 3937
9368 9471
545 4437
8318 5544
2560 2669
3081 8541
180 6316
9354 1609
8601 4751
4227 3523
5806 2432
8047 6878
3480 4746
609 9196
1292 8542
4072 5387
7097 6283
9124 5404
6484 7387
2485 3454
9382 7465
9472 6919
2241 429
297 4590
91 9335
4776 4237
8729 5217
5687 614
893 6078
4796 1394
8184 331
70 2290
9519 8721
7500 1402
8142 2670
6583 3510
4665 299
7957 338
1419 2262
3583 7378
1872 8111
7792 9869
9466 4972
7426 7719
3115 6181
485 1750
457 1809
6482 2628
6790 1186
8365 3309
323 4013
4352 5544
7689 507
5141 9524
1418 4622
6149 4273
4092 2458
723 6246
6099 6024
5286 4369
498 1393
7162 2933
2432 872
5442 9735
9020 7333
8866 6707
9695 6097
9139 7066
3114 452
9845 9031
3531 1804
324 174
4816 531
469 4582
2613 1327
1965 4002
9505 5749
5920 8631
9649 9203
2610 9429
3971 5730
2650 2277
2344 7473
776 3194
7345 6658
713 2778
4825 1011
5391 1031
7457 5445
1635 7956
1751 7815
4611 666
4648 2051
7597 5488
5392 5543
9911 5467
1 3772
3261 7450
2009 4944
4321 2193
806 4611
5009 1163
7726 5541
3980 8552
8202 2086
4387 5711
7410 9209
4155 860
1137 229
4354 7160
9619 7823
7943 5932
6818 9904
4711 4532
7379 7759
780 7993
2659 8972
4636 4649
705 4259
9332 8282
4391 4923
7149 870
5959 7725
7256 1644
8257 6455
2184 9053
3635 6313
6267 6613
4909 5750
4370 8724
6812 4594
2348 4910
5965 7353
9774 7306
8725 9630
9054 1387
8562 1546
8433 798
240 7484
5550 8771
199 2644
1543 8267
302 5527
4111 9534
295 6158
6252 448
1992 2921
4302 9031
4054 7386
4473 9412
5260 3589
4572 5017
1591 137
970 364
4251 3536
2959 2929
5105 4089
6471 1758
5088 9503
575 5288
564 645
2504 90
4578 8568
2100 1912
5350 2767
1977 5825
8552 2888
2030 8605
8755 5720
4023 5308
8124 5567
5699 7160
4924 3739
4496 4229
5161 2847
2346 5468
9410 5115
4229 1363
9475 5582
9130 658
1733 3445
5331 5261
3952 2681
4056 9242
1026 4201
8696 3875
8910 8885
2007 8882
2474 5421
9629 1676
411 3608
5967 692
1758 6323
144 559
5831 3214
7941 5
8115 1364
5645 8738
5266 5277
1365 746
4307 9451
5823 9263
5998 1221
6579 9680
7821 528
5785 4044
3040 2635
324 2057
8405 9292
1316 2118
7516 8965
3716 6654
438 8228
7684 6729
1040 1402
6745 4877
7392 8879
1941 7071
1872 4635
2601 5758
2326 7703
4824 3910
1958 8433
9405 7952
8419 7197
7696 2733
1335 3113
500 2797
8994 5768
584 7601
307 8672
860 8619
1965 1989
2291 4792
9742 3733
562 235
3892 4330
4128 2495
7256 4057
6724 930
8340 3585
9866 6955
6862 7198
442 7226
6963 7900
1029 3707
8025 7248
9155 6095
7694 1339
7132 282
7427 189
4141 1878
7236 9344
4640 5985
7944 5005
8453 5569
7091 8723
6281 7075
3911 3143
1873 9119
2817 2659
7623 9806
4418 6389
4206 8611
7016 9369
5258 9811
5689 8893
6131 9544
5653 4659
1838 5403
5528 3618
1600 1428
5684 836
2851 5837
8040 2235
9389 2836
6631 6826
5971 6750
7628 9419
6156 9670
4275 6535
5777 4334
3034 8917
8573 3971
1519 11
638 839
596 4626
9500 1431
4468 1374
423 6324
205 2904
8353 3022
4135 2851
8214 7241
1745 465
2262 5671
1432 6889
1334 1945
5420 6473
1906 9122
1418 2868
20 9389
8268 3268
3666 707
1420 576
2065 7004
8674 7666
120 1760
3319 5172
4653 4185
877 6784
4791 8632
4027 3561
3998 9098
8169 2148
8544 6108
2939 1304
1380 1035
8888 9019
5011 7102
6041 8737
3211 6334
9975 1161
9175 62
9785 9637
7081 5720
7758 187
579 794
4084 7864
9781 4789
8616 8680
9722 616
3073 2282
2901 5890
2579 1266
6864 9354
331 1634
1063 8482
9139 8249
2915 1055
7647 9902
1546 4288
3074 7817
7410 6654
5662 7916
3781 6146
7934 1725
9794 4503
4579 2589
2406 8271
2561 6820
8870 9626
3519 6307
3721 6572
8497 4768
597 2908
8725 9195
2599 3010
4691 540
1393 8610
6811 4860
1524 2907
711 7208
1378 2538
109 1185
6944 5460
1230 9812
2212 7522
520 5286
3473 3071
1544 3133
5604 7150
5605 806
3542 1096
2613 5624
7059 212
1202 8808
5145 1031
2355 3299
7836 2426
7634 509
4564 2403
1598 1071
4607 7494
5190 1575
2776 6238
8216 805
7989 575
9047 8770
616 9507
2444 9870
8011 9452
9043 8456
6521 7780
895 3661
7866 8320
7109 9249
6667 2299
4566 5339
3748 2200
5212 5920
8043 8802
3862 1073
6318 4322
3945 8071
8824 7684
5989 6897
9730 746
4630 3457
295 5946
461 2957
1636 7124
1233 4339
7056 4548
2915 7348
1048 846
3213 8247
7932 3114
9168 7825
4547 3103
1567 957
9468 7312
8268 7530
6539 1296
7408 631
4539 2742
9110 1197
5685 399
3501 2499
3806 5485
1614 7238
4968 7102
3201 7471
9365 9180
9258 9392
9040 6745
5340 6420
2325 819
6752 2092
9417 828
3202 505
1386 8906
2853 8508
1933 4246
8081 485
5892 269
6413 3513
731 5597
1401 7074
8982 1440
6564 5103
2625 2225
4527 8514
8374 7825
5804 8953
3483 1130
9276 5826
6524 2720
1153 5811
4121 3285
3298 7863
5618 5062
6142 6088
6787 9043
5732 9394
2181 9661
108 5632
8021 4356
8043 4297
3613 8367
99 5593
9565 8885
3793 9921
6137 14
7317 6679
7729 8857
1122 1254
3163 9637
1366 5370
8244 8021
5566 9608
4350 7396
2748 3294
2838 9437
3154 3823
6785 1613
8513 8335
8844 9339
9340 7695
2448 950
3402 9874
6361 3927
6766 2692
3305 3308
5247 6661
7590 4933
2594 9351
1271 1578
3920 8391
9651 3940
4273 337
6586 452
4090 6282
9105 3352
688 4691
634 4431
9312 8983
1224 539
7237 7180
6742 2312
2320 2264
6876 2556
5487 6966
4836 6465
7859 1197
8071 1486
9931 241
6467 2983
9227 8305
9152 4242
7274 8117
5521 2729
5159 2255
1760 4503
7776 9412
8988 5689
8111 7147
8885 1730
3525 792
7903 6903
148 7866
4888 6908
1978 8023
5167 2388
3442 3130
2732 8251
3664 4230
9350 7704
5011 9772
3541 902
377 9849
5125 8285
7884 2349
2407 6764
2973 6561
8158 1212
5590 239
1548 8228
4441 3764
8286 3755
910 1206
6872 986
9726 8166
171 5879
7147 2277
8564 3122
7202 1523
1736 792
5244 5179
8263 4553
9721 3583
5193 8790
1262 7045
7659 1147
5532 2971
2776 454
7964 7281
9664 6685
3691 8326
640 4299
8483 8981
9603 5197
2396 3496
1042 2566
838 23
2795 3803
8562 8333
70 6216
774 4287
3484 7622
9507 8910
1550 1604
6951 2662
3366 5328
3957 3391
6760 5938
5408 4925
6799 6010
6913 1029
5538 2707
8115 5919
5792 9275
4893 3592
3504 6199
311 1159
6724 795
9543 8755
8760 5439
6813 1448
8480 4970
4605 5293
2008 4659
3525 3746
7148 192
3569 6763
5778 5132
552 7690
2948 9344
6206 1427
8576 1367
7819 2602
5440 9730
7979 3228
5829 6168
35 3928
4629 397
6382 5812
9477 4485
6984 5496
2549 4875
8818 7110
4005 3314
9327 4202
6255 571
7420 1820
3193 6783
1656 378
4678 7286
8908 9614
1132 2317
5601 4421
538 3410
8256 7711
8438 2445
812 1271
7422 2189
1249 8880
2871 3986
1523 75
5892 1775
1781 219
1022 9274
6343 1760
6644 879
8513 7722
6200 6878
8036 6473
932 1390
5919 8518
8852 5123
2425 1804
8602 6071
7920 1140
9923 2787
729 5505
6855 6269
6914 258
8743 7065
886 1126
3535 9385
5515 6114
2797 3434
8397 3365
9897 9818
6433 9669
3127 553
8638 5158
4366 437
5566 1696
375 460
5213 2297
9925 4577
9139 698
2783 5952
1863 8165
3768 4949
1854 6994
4610 4267
1746 9386
6385 9929
8886 6879
1616 3833
9441 9953
9468 5837
7459 719
3219 8865
6427 5166
8978 4513
6414 396
4761 476
56 79
8271 7802
4599 9357
1081 740
4469 7646
1723 8991
9089 6464
4611 8876
7487 7977
6772 1835
4649 1171
1621 1872
7853 1456
6235 4988
7325 937
1610 2994
5234 2
1968 6856
654 5144
3883 608
3295 5919
2100 1599
2677 3744
6594 3206
935 7008
5843 356
7193 8200
9393 5768
422 7427
437 2934
6552 1317
6258 5362
3369 7623
3430 5858
9290 8620
5173 2488
4504 307
3184 5782
7287 4625
561 5251
3742 3943
7379 3846
7455 6107
538 4448
5167 1818
169 4796
4802 7355
3407 5726
8343 6218
7230 4159
1137 5289
957 8334
4269 1999
8393 5913
4239 1817
3509 2954
7086 677
6096 1330
1961 9073
2440 7115
7630 1133
150 5244
6317 4640
9580 7514
6528 3893
8470 9291
2710 7097
644 5979
869 2232
7347 9247
1388 4467
9439 2794
9528 8137
4346 7515
6343 6159
3944 1705
9526 952
6758 4740
5147 5767
9554 6385
7609 2700
8086 3331
4233 9551
6643 1382
515 466
6529 7931
7298 1006
491 79
72 1863
5669 4259
5934 1014
7158 8106
8028 1972
8015 3146
252 9294
6782 2657
6626 650
2991 1124
1651 4999
1752 1212
8545 7882
9353 4116
9008 3410
7896 7228
1230 8805
4048 2314
6802 9024
9482 3081
3156 4647
1761 4189
3993 4644
3499 8639
8504 8059
6404 920
4292 191
1882 2180
1282 404
5688 2982
7883 4000
5176 2329
6262 9763
7714 639
1717 7254
2745 9398
1674 2130
2732 5872
6706 127
6850 922
7792 1694
5727 5606
4760 6444
6095 4919
2965 4144
855 5525
3319 6197
8564 7253
5758 3667
6842 1735
1521 2029
6108 8230
5498 4433
9682 5181
2001 4020
1122 6359
1359 3923
4768 6420
111 1167
9041 8211
9343 7413
1741 9573
3496 2353
8705 1781
1077 3537
5403 9740
6836 6780
5690 1389
8688 3478
5807 2468
3870 4872
2301 5459
1182 6075
3416 3080
5120 5241
1556 9152
8717 6784
4367 4758
3401 136
1867 7370
8575 450
1189 2442
2748 9112
3276 6122
9252 9141
2731 7318
6808 9042
6083 7680
863 6688
2313 3595
3982 3919
8785 4658
5723 2363
5606 181
5615 4442
2896 3788
7714 9429
6140 787
3724 1229
3647 6762
1193 5988
277 4125
3033 8643
9408 576
3963 8399
6721 5949
5609 1040
2419 5643
5888 8160
3246 4876
339 7759
4607 786
5267 8471
1629 1794
5363 706
2296 3166
87 1354
1374 3654
6324 310
5189 7009
236 8462
1617 9139
1502 3287
702 4703
1404 2199
369 7080
4521 8905
1794 8389
9813 1642
385 6220
4885 5698
1274 3473
7079 1004
6910 5753
1067 488
5911 4407
3825 8731
8204 2181
3674 561
2457 2798
2545 5116
425 923
3833 7089
630 8529
8344 8685
5522 8383
8940 2079
3633 8683
5844 9209
6381 4058
7023 9435
4073 1490
7802 1987
648 3650
4261 1271
3285 3430
6261 2151
557 3838
5295 2929
2986 3326
5579 2385
4863 8959
1251 269
8076 453
8727 586
76 6317
5319 1494
8398 1727
3410 2600
6652 3690
9461 7370
5505 4655
5128 1638
201 6576
5990 5555
3316 8237
9974 2499
9167 8439
4143 2674
1400 8716
5408 2834
6709 9286
3273 4490
393 5919
1446 2968
5827 209
3142 7168
9489 7092
7498 7220
5795 4172
9289 5756
8197 750
708 5897
2141 7662
3790 9666
999 1616
365 2483
1734 9236
8742 3644
630 2463
5182 2661
7735 452
852 6406
1908 1661
1140 861
5197 6804
1200 3708
4783 2309
2878 1059
5845 126
9244 6721
8927 5330
3290 5215
8301 1619
7415 6333
3120 8570
724 6531
2388 3954
8858 3495
3519 3251
3813 6840
71 4572
7108 5399
7821 4275
4889 3830
7731 9402
6801 6482
3038 7726
6598 47
3253 2929
858 7010
1025 7308
3532 7195
5856 3007
2911 1844
5483 1387
9858 9141
218 5832
5080 3217
6468 8547
5494 7610
6197 5451
2655 7121
7476 1202
321 2581
395 6040
2582 4199
3806 2709
3776 1043
7108 9056
4978 4935
2494 8568
1415 6223
7941 5209
6418 646
7543 3252
8060 2259
175 494
634 1206
8379 4880
5152 6343
9335 1160
9376 2932
4147 884
599 8769
6400 5985
7837 7240
6450 3262
2676 5723
2835 5032
7316 365
1359 6378
1179 6434
4876 3060
3843 4275
4962 4727
7155 2411
4153 132
6623 6412
620 2071
5306 242
5790 6573
5484 4782
2419 8290
6231 7754
2237 4380
9678 3368
2143 2961
3203 720
5504 7262
8749 5158
3298 5907
1696 1770
7935 2432
8738 4923
2342 1617
8204 9968
5085 7979
6104 6161
5010 4614
693 7792
6738 3929
2442 6858
1924 3821
5240 4803
2385 6709
9435 9660
7225 6400
2533 2186
3062 900
347 4582
5559 2244
9402 7010
4767 1748
2240 4863
104 4367
1687 7571
1224 6223
47 9660
9069 3861
1550 9741
5884 7537
9666 6634
5223 4350
930 136
6752 7609
8721 8984
6034 2306
8639 2198
9579 2680
2203 4840
8127 9804
8039 9324
5784 7666
5953 679
2940 7067
3106 1219
7225 9309
3727 3368
5875 6709
523 3313
2397 9079
6058 3058
370 942
5050 5700
3729 5761
1112 9021
4650 1424
6208 130
9003 4773
9325 191
4583 1187
526 5886
6837 4261
2268 9366
1888 371
8675 7807
27 863
1398 9763
9786 8797
6828 3922
9332 7
568 357
1165 7891
2491 873
316 2905
2787 1903
9815 2312
4377 2272
4447 214
7665 1172
9051 7445
9506 5102
2558 9314
9175 9964
9823 1546
2253 8920
1043 9773
9251 4725
1578 5864
9049 1553
3420 8847
2012 126
9565 2225
4142 6517
4446 6230
512 5918
125 3756
1002 1040
2036 8639
6397 5653
8045 4961
6033 9974
1717 8318
2039 1301
3399 7573
7655 7805
8791 7248
2822 857
3735 4397
5529 1646
7913 2536
2772 1834
2921 1378
3448 1028
4963 5727
5871 7924
7655 248
6847 6886
4192 6856
9623 20
5084 9506
2228 5715
6945 5695
3895 8326
7534 5469
5905 7525
6482 5763
363 8029
1198 8969
2799 8988
8931 5152
5570 2709
1002 600
3349 3668
8010 3635
7666 8420
2071 482
8101 6432
5508 1741
5798 2787
4898 109
3406 3721
3702 1828
7703 5324
2464 5458
213 8229
5849 7813
8162 6322
6272 687
6345 4997
6848 791
9175 6704
5518 4879
3983 4487
6876 2507
1602 9158
3896 5513
9331 2759
2174 3473
4196 9604
6050 8646
5207 1081
877 2333
6658 8282
9287 8463
4230 7924
7543 9794
3784 175
1121 9524
1808 1398
8964 1019
9453 7821
9940 3067
8236 8377
2322 2277
821 4741
6303 9649
4723 5392
9951 9819
4862 760
4509 1634
4150 9590
3152 4853
6509 7398
8404 5611
2178 5985
6097 3901
9138 1088
5639 2613
1897 8325
8629 1488
4213 4118
6656 791
5488 4879
1523 6794
7030 6385
5272 8358
6157 4200
2813 9631
8077 592
3492 6611
1265 8862
2658 1523
7185 1768
8118 1405
6364 6888
1764 4836
1506 8528
3098 9779
5839 9829
6413 5287
5654 9917
5124 9413
1759 745
7774 6688
6700 9709
9733 4652
6133 2269
5693 6308
4202 2138
692 2601
384 5750
1907 1933
4577 5862
3342 9438
7539 37
9390 4775
2751 2984
3398 5704
2587 2116
3922 745
9111 929
3661 9308
114 6569
4150 2944
7779 6250
4902 963
7189 8114
9059 197
4776 19
5992 8112
2204 157
7875 3206
3701 2761
4368 3825
3541 1176
703 9113
2272 8859
8411 4570
9787 2005
1045 3782
3341 8856
3877 9408
1070 7732
3090 9708
8683 751
3599 4671
1638 6056
9249 1940
261 1068
8603 8561
1453 999
3495 3329
7534 5839
8053 4945
5403 6096
1142 759
3872 8946
141 440
6870 4602
1839 2259
3575 3537
8884 5449
1372 1053
5912 675
8241 7602
2214 2511
1159 5607
267 5741
5539 7481
2017 3836
3060 2349
4311 2587
9340 4532
8651 6045
8752 6356
332 6624
866 6522
246 7825
141 282
7729 1322
7384 6268
1292 4222
9380 8600
4331 8900
4900 2079
2620 5356
636 5033
202 6039
543 7781
8832 8264
6440 9438
922 2305
7037 757
5141 1428
7725 6611
7174 9745
2197 591
6082 5429
6 2632
5977 4889
1609 7960
9075 4156
5717 6543
6229 9242
8855 8972
9112 2383
1863 9337
3506 2958
8722 2246
6992 7614
8780 459
1964 8295
4469 77
9095 6940
9340 7220
4205 4912
9275 7056
4336 6531
6614 5147
1791 7176
4814 5748
1603 3507
9743 9057
6386 102
2857 8170
5528 8128
4170 5514
4277 5057
5467 1790
8482 2772
2526 7073
4984 7355
209 7716
9609 2502
1370 8931
9270 7052
8378 4206
7299 4043
7363 9481
1217 2924
4555 3792
1437 4964
1778 7403
1187 2854
6776 948
3551 129
6883 7884
5273 1773
3596 4508
9653 1080
6621 7201
1711 4424
5597 5255
9368 8711
5391 4163
3035 1590
8540 9689
4868 4447
3325 6836
2930 8209
8894 8247
3640 1107
8982 3295
8090 6707
5435 4728
7327 1381
9863 407
1692 2093
659 596
1987 8215
7330 9128
4014 9810
3279 5460
1244 8666
4843 9477
8563 5822
2656 523
5873 3611
142 9077
3014 5928
6647 47
6261 2383
7637 6065
7312 1153
4660 7623
8791 5968
4261 7340
9080 9875
7329 2455
852 2621
6662 7360
1016 4745
6334 4079
1236 7189
1753 7179
2559 8493
31 5490
8872 8395
7824 3982
3062 8292
9562 9587
9859 4555
1556 3079
3835 3402
4371 6918
1133 4614
9015 2402
8580 4377
6356 6353
6542 4584
5551 8131
9434 5416
9694 9762
2602 869
8357 4663
714 3894
5034 4445
5061 3060
7447 1452
2244 6859
1996 8932
4959 841
172 2208
5591 9133
4612 8207
7502 1631
8816 6368
8796 299
6995 3120
9028 1894
5168 6106
975 458
7020 1441
5758 1453
1486 6751
1237 6213
1703 6916
2879 2020
1271 9899
8375 2086
6519 892
7207 7130
458 4899
3396 1378
9186 1641
2660 7154
8854 7139
3173 3093
2155 968
2039 4522
9525 3210
751 4981
5097 7860
9840 3917
7095 859
1771 1272
689 8821
8534 5925
6986 2767
7046 4017
4835 239
4130 4152
1932 5248
5291 4319
4676 1849
9256 1349
1406 4494
1827 8156
6254 4889
670 763
7487 6218
5852 6037
5306 6785
3892 3358
6384 2255
4973 6470
8448 6478
9458 3198
2127 4157
4451 9450
8192 4708
4490 7262
6148 1646
9970 6716
3371 1267
6696 5191
2192 5574
8783 6291
3003 2904
7957 5816
2104 6060
5543 4450
5595 8560
8199 7563
3405 8801
4455 1384
5415 4542
4169 8733
4260 6736
1182 7741
1662 5721
2195 7845
9836 7392
5075 3319
713 8006
9669 6449
2329 2946
1086 6127
460 3586
4075 4827
6326 1231
607 2609
4558 1756
7978 6615
47 9095
5117 7232
8080 9095
212 7926
3415 3227
8670 7453
4798 6064
1702 5142
1546 9381
8587 6682
5304 6059
3919 3444
3093 5806
1452 364
6660 6594
3699 206
2053 417
7767 1125
8157 2172
6873 4029
5870 197
6024 2877
5942 1352
7071 9138
1320 3211
7169 9856
17 2193
5416 9182
6994 8446
5661 4570
3081 3623
6999 8831
9157 2348
4522 9142
8818 8476
9292 6507
8547 2171
2804 3779
4528 1926
8619 875
2932 4938
8448 8975
6126 8624
7347 4715
106 2303
8541 3200
8525 7681
6171 9196
9335 862
8591 6997
1360 3936
1797 9515
775 8522
8662 919
7146 1172
3978 1850
8923 9822
4056 4133
5593 6938
4749 484
5600 2869
3107 8075
3017 8799
3090 7629
6173 4140
5986 465
8596 9269
7316 5872
989 7706
9589 6768
521 4950
9443 6412
5488 7999
2644 6678
5137 1633
3071 2889
6219 7365
9866 3149
5078 8666
6152 887
635 2609
1251 3922
9727 4618
4235 2576
3074 8437
3476 1201
2228 2326
7246 3701
7128 7632
169 5238
1678 1166
1802 1304
1265 6479
1023 5133
1200 8310
4693 3448
4152 4966
4658 401
6096 901
5332 9222
5039 7542
3973 5530
3383 5508
7717 5496
122 3193
7394 975
8955 6333
7144 1705
4230 7753
9565 2258
6268 2093
7057 5585
518 5427
2696 9597
8285 8379
7780 1610
2497 2146
259 6482
724 9838
3702 9022
7119 5854
163 6564
906 1355
6755 4920
8706 5632
7415 2786
8406 4426
8671 1996
4389 491
6302 450
3651 9974
4881 6178
1402 8582
1175 9094
9017 4719
3726 1135
5539 5213
1961 1531
9795 6087
6528 8880
1553 8891
9662 6442
563 8414
838 6896
202 5432
1564 5603
3019 4947
2441 8931
4264 3422
7896 6072
1071 7534
9213 5071
7629 2584
6142 9393
2229 5387
7006 6344
228 3757
4033 2961
1450 6188
3373 1821
5649 1328
5245 222
3946 8843
7519 7048
4840 5593
2283 4462
7393 3899
741 5599
2210 4064
3661 6072
6679 2026
2311 8644
4695 2905
3133 5201
871 2731
5089 7261
9778 1950
2307 4542
8534 4694
9363 6211
5451 8232
8583 797
3955 7222
9068 1301
6005 399
3213 7495
1192 2170
2089 7788
7079 5114
5441 1561
1896 3237
9436 4881
1140 4172
7783 8021
6577 6674
7763 6725
6502 7224
4556 1769
3163 2460
5868 41
8511 1119
7180 2146
3931 8019
4008 1224
5284 9129
1599 352
3649 7517
6554 9621
904 2520
2994 9263
3918 4856
9621 2139
8796 5962
8830 2858
1413 332
9453 645
8013 1334
8206 2604
6300 3938
3250 4396
3228 7522
5818 3723
7677 6918
8349 3198
8123 9948
4597 8972
5931 808
5780 2909
2075 3744
2955 8013
9599 7470
2050 7581
1546 2941
2348 3010
5661 7278
3716 7921
1493 287
4605 2700
4998 3463
4930 4942
4346 6665
3410 5637
8641 6455
8116 9969
5658 9288
70 9332
5267 927
1325 2174
7469 193
6104 5362
3805 337
408 1833
630 7878
8972 6702
9842 4415
6766 7954
1325 7069
8838 9404
6042 1929
4077 815
3073 5550
740 2068
5924 5650
3458 9043
3946 2550
2413 7180
2910 4237
1185 3582
3566 3492
8441 3006
5907 697
1126 8600
5073 5909
5416 742
3906 4316
3617 4195
3521 600
1152 5221
6984 5659
4814 8980
4942 6929
3966 3199
538 3335
8730 2692
7386 9530
3721 8181
9501 5840
6429 2091
873 7313
8191 6350
340 9004
2772 8705
2272 4036
9493 3262
259 4828
3207 3120
6474 8921
2927 1245
3985 69
8531 9577
9227 1784
1992 6354
3673 2640
9577 5114
6510 7933
8039 3370
9268 3397
1506 6879
507 7151
3043 2797
120 5267
8633 3903
8229 2197
6954 9371
2336 7091
3014 5479
69 5148
5023 3347
6266 4528
2148 1432
5128 6591
5897 9
5066 8976
7618 4397
1615 1846
5859 7795
3215 6660
79 9567
6584 2644
6862 1873
230 1394
8448 6351
7390 8977
1886 9451
1299 6151
2662 9957
3739 9885
7100 2910
2600 6912
5053 9600
6535 9521
9562 3533
7879 5504
221 1825
6509 7064
3546 1988
9588 920
9077 5915
7285 854
3171 2433
9016 2552
547 8104
9174 3401
9860 5462
2179 4119
9927 162
8052 4723
6449 1065
6117 1265
7022 5430
7385 2391
9545 2759
490 9343
4476 4095
4305 2092
25 4077
9734 9889
8089 2409
5099 2025
9375 2106
8635 6671
4835 3475
3488 9030
4115 9759
4574 9037
5036 6865
6025 5191
2149 4658
1347 8848
2555 5390
5236 6314
6303 1294
1144 241
7654 2736
5127 7298
5650 4876
3154 6718
3247 6258
8486 3610
6009 1426
9968 5848
9488 7033
8508 8400
6105 4911
9781 8058
763 8291
2166 3249
2385 1160
9736 8493
9952 6294
9133 5514
6834 1087
2604 664
4432 8473
8597 1600
5041 5573
6495 3584
3856 2156
2588 2774
717 4695
6310 7406
413 440
5519 7871
4859 1087
6519 2164
9551 5293
6963 681
5943 3119
7710 2107
1624 7460
9398 2960
6630 2393
3286 8391
9849 4362
8393 1662
6263 7107
3330 7933
4300 6770
8644 1716
3609 322
9215 7671
4020 3580
4993 9291
6214 4634
5016 7184
4402 1483
363 6448
9221 4529
4070 4272
5945 943
8181 1722
3264 8757
2168 8876
7101 1597
3841 345
9555 7095
6837 7215
1246 1313
3038 1565
7027 7455
9524 6056
7735 6304
2620 9509
5578 2978
2889 1137
2160 135
1915 1812
3433 5020
608 4604
1323 5573
5443 9035
9038 281
1576 5469
6319 2554
6195 3655
8417 2576
8348 6089
6483 3416
9630 1679
88 2421
9275 4323
2204 6079
8253 2823
949 8256
3129 3863
3442 4120
1577 6178
6687 8914
3751 4682
9938 4571
6074 3872
9116 8581
1023 6790
9878 2237
1298 519
6287 4838
6899 3463
1631 9438
7176 1086
7537 4289
6835 3169
1692 9375
8805 9117
6820 6041
8151 5415
8894 7554
1696 1448
4491 8677
6253 5208
7396 2962
137 2339
4645 1444
4394 8091
2399 2250
1908 3724
4138 9671
917 4430
3200 9778
8770 4151
7654 3027
5182 9937
7770 4236
2648 4365
1239 5381
7454 117
8941 2126
9312 2145
1505 1216
8084 5239
756 6978
9064 6608
5589 3296
5876 6412
8519 4951
8061 4243
7969 3123
4013 3455
2917 2493
982 9430
3477 1440
5101 5186
6049 4943
3746 6470
3268 5936
574 2993
711 9184
892 944
5847 2511
3786 5413
9413 5857
2057 8822
900 8664
8381 8681
9557 5682
8936 4061
4210 2623
3390 4478
7453 2714
3391 1259
7939 7687
8852 9683
2310 7646
6213 7335
4301 1306
3242 7050
40 7
8668 4547
8501 7090
506 4982
4416 700
7808 431
7603 9060
397 3734
7976 6959
5395 9843
3451 1583
4174 5403
292 8509
6937 452
5581 4681
2172 7101
9605 4595
9137 4524
6626 9844
7944 24
8840 6497
7215 5316
8514 8313
8172 30
8416 565
2222 7081
9089 8368
768 322
4907 6017
9509 3131
7979 520
6541 9302
1870 7536
7400 9165
4694 9215
5711 6188
3402 7294
3098 1973
6706 4192
7879 8987
3057 7947
5076 3824
2230 2305
2915 5002
4981 5326
5291 6920
9610 5793
7173 2312
8288 9196
2953 2925
7143 1838
2037 4280
646 5786
3244 4892
8683 5014
6386 9778
7924 9235
3175 3049
7011 9211
9810 349
1131 3091
5534 6183
5785 8656
2849 7374
78 6681
8634 6345
8691 928
7188 8461
6987 1477
9775 1557
1433 2642
9387 7797
654 3074
1145 1260
7911 5633
3574 9164
3436 608
8608 2486
7576 8715
1329 6932
5583 5882
7901 429
58 623
3374 9792
568 2082
9361 8093
3845 6887
1332 4070
205 3414
5572 1026
547 8743
9642 9535
7903 779
4053 3805
6902 5652
1293 1072
5749 3659
5984 5971
7327 7878
4443 7604
5044 4601
7181 4376
5694 1281
7212 449
4822 5910
8350 20
8224 4898
8251 8254
6111 4869
8814 1109
2770 6879
132 9329
8723 3595
7744 7506
2620 9544
2944 7899
774 2120
173 1979
614 8995
2630 4100
7713 4511
894 9753
4277 8792
4920 3356
4517 1196
1018 8456
9513 5324
3808 5285
4062 9354
8956 8965
5595 3321
9349 4645
1054 1366
1246 6767
2639 1423
7642 1207
826 1024
926 9333
1299 8334
7762 2089
1378 7451
6179 3803
8291 6229
4760 5695
5132 4944
141 6351
7364 5839
1587 1936
8233 8468
9543 8708
7678 7143
3043 6934
4296 3306
4455 6031
6087 7347
4515 9958
9948 9730
9092 6513
9709 2289
7863 1711
907 6202
1254 9311
4960 5915
3822 3009
7829 8776
4269 9519
2139 7740
7991 5591
600 2633
5405 7918
2804 1100
5486 7044
1860 1599
3684 9703
1750 5327
6083 1971
7174 2817
207 2294
4640 268
8627 7047
1051 1809
8543 8611
4471 8645
4300 7249
2796 4089
121 5922
4579 8723
1190 7421
4854 630
5105 3787
5648 2944
3106 8411
3783 7429
3512 7931
1096 2222
487 7865
5143 6938
247 2121
411 8656
4141 6172
8020 9116
4040 2791
352 9491
5911 7619
9163 4619
2436 980
5549 5551
6942 9834
1611 4997
1055 4318
2197 9024
7414 8869
7606 720
7797 2283
6869 3961
5449 1949
933 6379
8624 7262
8752 6266
7873 8300
1584 8642
8839 4764
9315 4974
2246 2833
2267 1412
2354 7826
4533 7498
2946 6656
6438 6776
780 3064
2624 6415
1303 1434
4209 4064
2501 6547
2400 7334
2536 1244
1051 8078
6028 7964
3649 9278
6633 6678
7196 7692
8631 6913
517 7779
1412 6396
4461 6815
4449 6845
1788 9002
6780 7392
4783 6144
8012 7558
5052 6512
9200 533
3838 9890
7848 9694
2325 9030
3661 739
2491 5100
9060 9492
6570 1762
5226 1307
1726 4803
9452 3510
2119 9491
3672 1303
3089 4576
8474 6240
2213 4463
9946 4220
5955 952
6043 4987
8563 661
7424 1495
2740 9204
3942 4406
1011 4377
9714 2905
4165 1329
1966 5470
9280 4236
9366 8690
1434 15
2318 3000
7487 1688
1963 5710
1609 1369
2559 132
5306 6788
1836 4476
5718 4158
1393 2067
4643 3420
4482 2066
957 5082
9156 6535
399 5827
8852 7056
2148 266
7894 330
9608 1686
498 275
4263 566
4146 4764
2357 5769
3141 8780
3628 3132
7701 2623
1063 7588
7549 9314
3972 3509
7882 8327
1912 6513
7130 8164
4622 8606
9623 2323
1008 3654
7215 7716
9062 9176
8973 3756
5331 9442
566 795
3292 853
1675 9371
8854 5385
1162 639
9353 8310
4193 9360
6163 7437
1671 6786
1276 8936
6096 9673
5884 6440
6117 1948
930 450
3498 6843
1580 5786
6357 6513
6063 5343
5944 6109
5106 5200
5638 9156
6066 3719
5771 4295
2440 1508
6665 4834
6397 309
4788 6996
1640 6890
7191 4301
6611 5720
2670 970
9279 3508
387 524
1538 1829
615 5519
550 5840
9739 8294
3560 6120
2922 4503
7539 1622
8827 3433
5631 4237
630 1239
5634 8109
5595 1319
1005 4322
8560 8420
3066 9920
981 6994
5029 1641
3142 3464
2365 7074
1416 3034
230 1238
1459 4756
3921 5726
1639 3354
8516 7130
9389 3208
6649 1951
7025 164
5037 2148
2986 5876
5441 2834
8192 690
1544 3764
1156 5327
1375 4159
1746 3532
6060 9404
176 7325
7228 6521
5192 9669
6795 7468
5136 9489
1108 8571
8138 5320
3114 3655
9796 4399
2124 294
3025 6629
2877 3337
2882 5707
2214 7794
5691 8056
8485 6773
1764 8550
8794 5706
3851 4024
4003 4869
2889 2230
9613 1829
9217 9565
84 761
4326 2992
4668 3882
7741 7935
3923 2530
4638 5707
7406 9503
8989 1942
607 3783
3606 5564
1309 7062
9032 6737
6249 6642
8066 9960
6618 479
6388 7996
7216 8090
2794 1815
8277 2595
9835 3848
5197 4051
2688 5417
5349 2090
3980 6255
5310 6509
8929 40
9684 2821
8841 2334
7724 2395
8566 5360
2054 8116
2536 5668
2807 8703
5627 4343
5990 8999
7513 3600
3937 971
7856 3544
8745 2279
1108 4665
8434 8903
2117 6753
4768 5838
1108 153
5945 492
3089 7605
6269 7316
9289 5391
5184 9047
8764 9659
6374 9909
878 1006
9799 8709
2777 2216
5274 3247
8949 7773
1261 9726
2568 4182
6699 456
5943 9209
5867 8122
9197 2130
5344 52
935 4614
1689 5281
2455 2580
9430 422
4879 5168
8128 611
6199 2084
1225 7080
437 2655
8711 4069
6093 334
7820 3679
7453 8707
7975 451
3556 2683
6589 5498
9603 5801
3546 4847
8817 7239
7194 8776
8475 80
406 1102
5803 6289
5840 7034
2287 2930
5804 4501
4377 6385
8102 437
8165 5637
8016 911
4103 9510
1861 4540
2955 2148
9148 7878
2608 6171
9446 7169
2908 4199
9124 7154
6976 9084
4688 575
739 5421
2148 1963
8933 1572
1337 5971
7759 5045
982 6562
7614 8427
9328 9427
5696 5912
2551 3263
7997 8182
5439 1972
5817 609
8551 3002
885 7708
4807 525
2693 8822
6695 326
9066 9217
9562 9146
5290 2422
8460 9516
6357 6278
269 7877
1488 4173
5828 506
3623 9266
7130 9601
648 5724
4748 5301
4429 7088
4473 7864
3134 5960
4983 6538
7252 8482
5104 8918
5782 535
8320 2165
8500 8805
5980 7040
3875 643
6340 1492
6635 5470
9552 4245
2788 9857
9273 4128
5490 553
2973 4092
6557 8625
7649 7941
7347 5843
2475 6595
5794 6189
4356 4158
8226 942
7394 142
5532 7921
5815 3575
9081 2287
2993 2817
6114 6675
3854 9868
5558 6109
7811 9386
5835 767
9015 9375
2429 8990
8474 7535
495 3420
1427 3484
4236 8674
8663 2931
5787 170
9271 5034
8043 2238
7915 3962
5907 4783
5487 2691
1727 8019
2254 3096
6495 3848
2253 5808
1589 1520
513 6576
6996 5277
9057 4763
586 4990
7217 2047
5115 6525
1491 198
2657 9461
7135 8079
6344 4774
2267 695
7732 6452
705 1880
7635 8310
413 2601
8309 4890
1898 3793
8574 3009
2442 9421
9229 1019
501 3709
161 5555
9538 9332
321 6123
9194 7200
6115 1294
8951 5224
3867 2664
8998 5817
328 1359
6392 631
5226 7714
1965 236
3702 7998
6422 5337
4197 4838
7497 7080
8725 9340
4747 585
3332 1901
8470 3538
9967 1628
5701 7084
7828 5097
1400 1870
7686 6886
386 3796
6066 5865
3068 1952
4356 4428
2500 5920
1978 9051
5483 5451
2122 174
1295 1812
8133 4028
5922 5194
7095 2887
9469 4618
1857 4517
4126 2562
3288 440
8879 882
4189 4178
3730 2723
4950 9834
1552 7729
2300 7430
3427 8816
1398 720
8364 3478
6552 761
9801 4395
8087 7441
6029 7957
9677 7603
485 9002
3913 8752
4086 9234
3885 1577
8838 3530
6861 7339
156 3257
1073 5791
6653 9647
5659 3531
5615 9622
1486 8950
4633 8580
9726 5184
8514 7532
5328 6250
1388 6990
2128 2684
6317 82
4306 3250
7568 1182
2928 9353
7639 8131
2040 5840
2617 6307
133 1842
8239 3814
3441 7545
6407 8434
1995 100
5843 7365
159 6050
2188 4401
6847 3048
9380 9768
488 9455
6395 1009
8110 2461
31 1844
7501 9153
5178 4025
2148 3030
3827 211
5870 9950
7062 9855
6644 351
8925 8328
5887 865
3558 9689
953 6372
1462 4680
5144 8420
9530 7449
7794 1800
9969 9659
4027 1261
7543 5460
8461 4744
4353 3468
1836 2474
1313 1506
7886 9449
5977 8645
8611 3990
6659 3731
3298 6516
724 7430
1832 9415
8845 1929
3578 3724
9512 318
5109 3313
446 5178
2233 5484
8112 3245
4352 4669
9671 9329
7389 1563
9823 6890
5860 8904
5222 2715
8933 8027
4456 3636
6431 7135
6974 5139
5698 3212
5520 2483
1189 189
7739 3681
9817 1438
3772 3049
6299 5362
1266 3696
274 1905
9186 8209
1611 8406
1434 8460
3149 6502
1706 1510
3554 3566
3748 8650
5360 3909
5002 5104
1837 1434
7528 8083
6727 7155
2412 2724
9016 4662
5387 7614
8131 8100
1086 9362
918 4457
8212 4782
5170 9858
2142 3024
4179 771
2925 1428
7457 9949
5403 7157
4374 5759
4837 5218
8186 6544
6587 7040
5831 5011
1171 3506
1253 6824
4922 9197
4354 3395
6051 4700
6864 9659
9946 376
6803 9193
242 2345
2551 4404
2405 7754
8706 3617
3809 9041
8352 3562
4609 9671
3316 9268
2414 1300
2570 8340
6503 2660
7384 2339
2275 6769
9663 6482
6768 8233
4728 662
9439 6477
6277 4143
4783 8144
9835 5002
4135 984
365 8871
1472 3653
4642 8035
4943 2380
9400 2774
1298 7420
3972 1291
1156 8481
4657 563
4502 4765
9893 2715
8127 5686
6561 3777
1957 5216
761 2224
508 4653
2902 7255
1131 5763
2842 3527
1008 5507
2153 314
8319 6858
2587 5296
2826 3089
3764 8673
2020 5506
191 6126
8301 7001
1971 527
2851 28
1417 5683
9112 864
8866 9916
1916 4736
8363 1853
3201 7189
6246 5329
7997 4333
2411 7540
6142 9674
6781 9600
9966 2462
3770 7313
5262 917
2967 6530
4699 3032
6898 6968
2739 9236
2678 8825
8400 8057
1318 1490
11 9729
9506 8371
2421 8056
7987 5912
4330 9658
3551 8356
4076 9799
1142 7881
7599 9250
3515 5880
8018 434
528 3477
955 1474
5187 4491
812 780
798 1368
8322 2774
7516 3587
1157 8192
3091 7263
8878 691
342 9304
9782 9169
4616 4972
1576 2462
4151 3183
900 904
6185 1406
2450 6060
2444 9127
2857 6075
4125 637
7658 8618
3459 8118
3953 7697
4070 4877
5020 3519
4125 5313
5326 3142
2300 6047
893 6511
6234 1459
3711 3511
3443 2342
1649 3044
1510 7493
5239 8123
4877 2831
1556 9885
5575 1191
769 6927
1400 8201
4719 662
925 114
117 1066
1159 647
8590 3188
675 2639
3312 655
3769 447
530 2601
7387 3052
1512 4804
5984 1088
1500 7228
652 8462
8230 381
4968 6277
5955 2951
6077 8
5793 4861
4985 3111
997 3843
923 9012
1460 8815
9104 7703
5434 619
508 2532
2832 2160
7490 6024
7643 1289
217 3722
2936 1841
5522 2136
2519 8862
6475 8749
593 7351
1814 3733
9138 6550
5069 4815
1017 6628
36 8578
5901 2751
4832 6395
1181 4455
9590 808
5522 8230
9606 9444
2796 3948
951 5327
2655 4100
982 4828
8098 1748
3132 7205
675 2529
836 1173
6672 5958
9750 7835
6438 435
5178 194
6804 504
400 2732
1711 9881
4920 490
6469 4964
3221 2270
5123 2036
461 4949
3916 2721
281 7605
8202 5115
9406 5088
8575 1307
9021 8657
3045 1423
1398 1803
8044 4811
5344 6288
1939 6231
512 2182
563 9366
6813 6788
6788 3536
6437 4905
9921 7998
6585 925
7751 1564
7319 5269
7804 542
1379 909
4518 1725
3269 6083
8282 5918
799 2454
6200 8894
9493 1026
7255 333
9225 2574
6939 5662
6993 6641
2596 9788
5522 7142
8421 6771
215 2289
968 1012
9833 4440
285 6927
4217 2668
3174 1747
9303 3506
6571 3238
9942 4647
5652 7848
9438 7846
2253 1767
5231 5411
9535 3307
865 334
699 4340
1443 5950
7983 1327
3840 4805
1254 9905
2409 2329
5859 9437
3252 4813
7053 3908
584 5874
2693 9403
9912 7935
6146 3480
8670 8916
4560 3969
4694 7015
4091 3018
603 2838
9711 9743
8053 1926
5068 4842
8029 7648
3952 4065
7627 4143
7697 1223
9602 8510
4676 5656
4161 149
9087 3671
2806 6896
6056 6302
1993 9368
9826 4752
9948 8797
1297 8637
2109 9356
4620 538
2817 7051
796 1101
5692 9920
8450 4923
5673 9193
9939 1293
7261 6205
1333 9897
4906 3005
2510 5681
4293 7595
8986 9438
5765 8269
3879 3426
2278 6672
1576 2147
693 1024
9630 289
2307 789
5276 3607
4381 5248
8880 4995
2677 9813
1238 2864
7316 9744
5416 5037
5062 6729
5109 4798
7413 1647
8781 5807
7152 9490
4334 6560
6394 4095
7143 6189
1450 2892
2185 3420
8992 6079
2276 1507
771 4418
1028 8437
871 5412
9150 3285
1936 4303
4981 2516
2284 9330
3873 1015
6001 2648
4888 5374
5319 482
3802 7637
2682 1131
8287 1553
6177 2370
9967 9550
4589 8010
4550 4631
9344 4035
2112 5987
4639 6535
2613 2425
6719 7367
5873 8807
3848 7215
1850 9545
3740 9660
3649 2680
9861 5341
3428 9441
394 9211
3200 8103
581 150
7762 4822
604 1427
3910 1018
9047 1666
9277 3075
6946 5206
4073 8956
553 2356
7318 4880
8373 2558
8580 5714
218 2784
9405 8570
5841 706
2956 9589
7302 9216
2572 9940
9609 2126
6478 1731
1232 4597
3262 9546
806 2151
3856 3198
9622 3628
9102 4956
7987 3938
1988 2999
7758 4912
1501 1611
6211 4017
5506 4648
4273 4898
8512 9068
3211 5819
2373 279
8673 4303
7349 1479
4403 6810
8057 4462
6753 4258
7347 586
502 3299
9168 2335
8336 1805
8698 6248
5518 6859
1973 8840
5501 2890
9792 8889
3437 5646
539 9737
8633 3758
6322 3143
2690 8553
6982 2605
4005 4904
9061 1950
2543 935
8407 6078
7201 1258
5104 7148
3290 5300
9559 5047
153 1311
3739 5499
8240 1308
4622 6215
5717 9702
1240 5637
1607 9339
7474 419
2390 9809
846 5496
6746 8533
9001 6343
3361 863
8750 7333
4995 251
2748 9324
1718 3667
9129 5929
257 1261
7298 182
3801 6492
3554 4580
7840 2385
3017 8953
3123 7353
6486 4148
4521 540
7278 6252
2021 609
9445 2074
9709 9494
9432 6962
700 5694
4231 6440
9771 5766
8745 7698
5398 4934
8711 1499
3119 7014
4060 2679
4988 8564
4849 396
5497 6387
678 7604
1018 1097
3446 8112
2833 3169
5524 7075
3955 2923
4926 8576
9903 7165
737 1637
1344 5802
1167 6365
9819 1889
8024 3919
1159 2348
1952 97
1948 4187
4165 1066
9790 8218
5150 3110
6870 9246
3799 6559
964 5077
8798 6179
1274 5911
5300 3616
1625 8014
2407 9635
2130 6689
9894 976
7473 1373
9091 6524
3232 6707
9221 6776
4597 1103
1913 201
9398 6872
138 8418
3401 9713
3471 7845
9014 9302
6089 6293
982 7804
1733 9847
5565 8406
6325 8244
8750 5005
2562 4102
5378 9016
8616 3977
7450 233
722 7227
6795 5724
7599 1907
8997 5873
8091 2808
6711 5522
4544 7438
8434 846
1094 9331
4709 7434
5405 4044
2462 4716
834 1041
9265 3380
6309 4600
1918 4971
277 1363
185 4093
6415 301
4819 4659
3630 6973
3981 112
9128 2302
4321 242
388 2913
5906 579
1659 5647
4731 8118
3905 2923
6194 7871
8277 2461
6670 2320
5589 284
5197 2959
6808 2347
2708 4251
6158 8702
7089 1161
7148 2272
590 7237
9488 3829
5517 4485
1310 3286
1228 9693
7315 7403
7664 1132
4221 638
5154 8223
5189 4854
3004 6757
2330 6300
1988 750
3492 9115
763 3858
3163 3453
8866 7949
9604 2739
5045 2155
6633 780
4198 8921
8905 9295
9914 4772
7823 46
2426 6276
6641 8752
7225 643
4190 2042
638 9692
8270 7295
5706 1029
6147 4580
3562 1493
4886 2238
6439 1510
9870 1979
2702 4433
8708 4962
3206 6741
3467 860
4292 9524
4124 5940
385 6352
9509 1056
2623 425
4602 8028
7254 3674
5642 481
4121 3686
311 6478
1388 3732
9101 9716
5172 2653
2635 3333
7831 7457
6636 2558
7830 9430
949 3706
9754 9231
4952 1100
181 2860
8085 6426
8985 5402
7049 2926
4848 7531
500 6173
2404 760
2494 3664
730 1341
4229 5413
9613 7626
4163 3088
5873 8952
1019 7515
1646 8327
6926 3316
8480 2997
120 9400
6864 2982
6732 9012
8092 4811
399 3688
6930 3116
6656 5637
6530 2177
2670 8873
5685 5595
3701 5245
683 4956
8053 2639
7428 6185
6828 4922
6416 1828
1910 2799
9275 1045
5874 9233
7461 2007
3319 8971
2474 2101
8234 1047
5273 4380
2014 6775
2186 4227
6483 4183
7851 3884
5983 3903
5038 1683
752 3175
9524 9043
368 5814
4113 67
3145 9064
9389 5493
7842 4489
4238 4777
6132 8519
8331 9812
597 349
7425 1006
4300 3794
8215 4805
6775 6495
8752 3370
5758 264
1224 3907
9360 2655
1165 1955
7479 7343
5341 8970
488 3390
7118 6716
3748 8741
7722 2572
9030 8240
2178 8959
4223 9343
5834 4933
4626 6270
2499 3958
1755 8962
6096 8802
3878 1553
2877 3631
3747 9764
8177 2400
2489 3266
3780 6011
9098 3255
3112 331
8916 3393
2766 6314
6435 9753
1539 6745
8311 9659
3479 5833
1497 4587
9551 7581
8984 996
1223 1762
8456 5921
9976 3917
8137 3742
489 7671
1241 2442
706 8150
9119 3246
5085 8440
1675 2608
5917 9732
3392 5533
4194 7252
4666 2358
2579 8017
4109 6693
7018 7548
568 2665
7891 2381
8629 1349
8834 7627
9032 7193
6752 8960
4938 624
9970 9210
8324 284
3750 7589
8249 6204
3617 5562
5319 4905
1551 5407
73 3883
4270 1247
770 3646
9065 5576
5852 3389
8889 8876
5064 1809
8224 6632
5488 5818
2962 688
4497 9061
6007 9120
428 4951
6838 6091
1391 8526
3788 573
2339 3056
1010 1059
6826 8591
6217 1071
8104 2258
6383 6356
1641 2962
226 3242
3099 4962
5656 3037
7671 9460
8922 6849
4733 6151
9364 1285
7702 3846
5654 5891
1266 7763
8987 3012
1420 9540
5846 5086
4609 7476
8294 2356
6094 7523
387 6767
7297 3436
5836 8933
9042 1238
5610 3891
5363 3132
8800 8740
1003 876
2641 9926
7758 6509
4815 9963
4222 4428
6772 1259
4270 5495
1002 4661
1178 3334
9811 4164
565 4657
4460 8415
272 3044
4335 871
8776 992
4248 5350
1697 9727
9146 4036
3475 2839
5869 5212
1432 9639
5829 9713
6624 9263
8097 2690
1507 4397
2466 6592
7073 6724
2652 164
6401 2460
83 6994
5718 7113
2167 3597
5563 3244
7283 2273
6452 9588
8035 9085
8596 155
146 7703
7443 2171
5807 3257
6876 683
2074 5096
3304 9085
9664 278
9474 631
2404 147
913 5447
7598 7643
6190 2240
7096 6162
5739 2288
3174 5464
8591 5748
3275 5417
2668 5122
2719 3333
8562 6066
5648 2106
6033 9523
8788 7278
9576 2738
9194 1279
5255 7398
7963 9161
5951 1818
2769 296
8763 2687
4727 8105
5759 4503
6530 4943
7398 2535
5349 9760
9966 2267
3605 9546
6294 9312
7769 8348
1534 5549
8503 9088
5890 1510
144 3479
3617 4601
4876 4324
4085 9332
8516 8661
3034 6971
9730 1594
2730 8737
7519 6869
9095 8426
9076 8693
5385 1437
7999 677
4803 5423
5651 2991
5642 6152
1132 4168
5646 8374
3878 6369
5223 8007
8701 330
6139 147
8500 8886
194 6211
2859 5022
4798 9674
2396 6326
8699 8896
272 1677
8262 8883
2668 2396
9313 8306
7539 4216
6472 8402
7793 1763
1875 6455
1829 4166
669 5960
6013 9874
4397 4726
4600 6449
4184 5046
7987 9610
6534 895
1486 4630
317 5900
9178 5447
751 6134
6175 2185
3697 6329
6851 5630
1725 7152
7868 9401
7467 5118
1316 398
7083 3317
6724 9724
1994 6603
7029 8943
1054 4899
1462 7862
5574 7648
9388 4972
7114 1298
477 2781
6297 3549
9186 9183
7233 7289
9195 8242
8473 4409
6599 644
1828 373
8649 7862
1625 5564
3905 6477
4149 2288
9670 1746
5580 9133
1040 4435
5741 9767
3572 2881
6684 7454
7390 7050
8151 3615
4454 472
2163 7907
6243 1620
521 9562
8105 3626
8026 6918
8422 4772
7604 2731
4794 6008
6277 5726
5086 6801
9486 9954
973 1196
7770 1432
5497 6005
7614 1903
2635 5388
8840 3259
4491 5704
664 6492
4610 143
2552 3056
8428 4894
5641 8020
9170 3901
2253 9527
3896 2736
6535 1828
1391 3612
8812 7160
1322 1203
2696 6591
6956 5554
9763 3885
6384 3612
4704 1938
330 4839
4486 946
9968 9278
8907 5231
1855 684
820 7546
9506 5602
5104 9131
6232 2507
750 5328
8665 6708
8905 4680
4609 8763
5603 8055
9072 3093
6506 8026
6418 3735
3639 4562
5119 9821
4587 6862
5776 5344
3999 8520
6150 7609
7917 7757
2958 5104
5736 8037
2720 4076
2684 8238
2305 6342
2810 5279
4077 6477
7614 3447
6205 7193
8156 2149
1994 4487
613 1600
5888 4379
7231 5742
1396 1164
7586 5599
2375 8747
7050 9213
9954 9576
6286 2277
8172 7770
6975 7859
7204 912
455 208
4087 3853
9254 1141
392 1507
8319 880
3266 8253
7322 7977
5099 7040
3923 331
9058 6660
4530 2168
3837 5991
3843 8955
4921 4864
4961 8236
9403 1155
2370 8458
470 9866
1866 4113
8549 3450
7760 7367
1342 3596
4421 9540
5211 682
4540 2413
861 2949
2188 7480
567 297
8020 2694
3278 7325
4096 6665
3387 3360
2837 8038
1297 7490
709 2149
6720 6798
6951 2754
6709 675
2871 3068
5700 5552
7450 9530
4720 1620
8391 4885
8684 6389
1509 7268
8851 1822
1995 7008
8216 1907
2166 1121
6445 810
3217 1135
4872 2434
1906 4078
6977 4984
3748 5312
399 3227
7183 9557
4761 2390
5982 6538
5762 1619
7420 8542
9139 9347
8762 5962
2787 2281
8209 7726
850 1969
2538 264
9301 3493
7163 9077
6702 3555
496 9907
6825 7515
4738 4314
1618 9931
8662 4417
3379 6333
6585 2682
2823 6551
6246 3569
6233 9414
6638 4592
3894 2724
6120 5987
4366 3614
6324 8693
4751 2590
9139 8796
1489 4689
2019 2931
4439 1635
9624 4572
400 2713
5901 6870
9782 9214
7951 5745
8267 775
1397 5274
4403 6693
2883 7123
9736 9260
2092 2073
9641 8066
5458 1648
4901 9838
2708 2187
9099 6114
2873 8948
1886 6937
1666 5502
2800 286
5565 6072
6914 8928
1869 8302
5049 6977
5061 6601
9077 1628
1157 3886
454 7011
2651 5120
8004 479
3508 1185
3477 2661
4926 7971
4489 6491
8217 9463
5023 2088
6238 966
5220 5786
4845 5321
7808 5458
2363 6869
3691 4413
4114 4310
3370 654
8867 7326
1038 8828
8320 8565
1991 5086
5241 1243
2496 2977
3740 8449
9279 9641
660 4249
3229 2743
7639 2423
684 3156
2148 3180
7815 4251
9369 7695
6278 159
6064 7044
5750 3154
6777 9907
8529 919
9833 7396
999 684
2952 4562
2676 2229
555 8061
6675 7293
6116 1648
7473 4834
8409 8431
7396 6233
1809 621
8883 3174
1293 9851
3570 2999
2829 8700
8327 1337
5766 1216
1253 1272
2569 5790
3587 9453
1531 1570
9663 9886
211 702
7193 6826
2594 3349
7817 5227
8445 3927
6606 5256
368 9856
1355 9802
8954 6292
7117 1825
7094 7021
3878 1944
1096 1776
1147 4421
4 4947
9251 5089
3584 315
2289 9598
8261 6565
1329 9074
7850 3141
5994 9912
6372 3172
401 3916
2268 2084
1355 4173
4142 4842
5761 1450
2662 8811
1423 124
4368 2420
4771 5986
2077 8888
6897 4752
1336 618
8005 1661
1659 2956
3684 3471
2868 3340
3172 2011
9201 8613
4575 5815
6997 6171
9064 1985
4751 514
5753 251
1441 5915
5332 6597
4749 7922
289 9145
8301 1388
4289 2853
4021 7107
5622 3186
6700 1050
4318 7008
4942 5557
6964 2219
8505 3949
6582 6230
3891 8831
1314 3277
959 5226
4113 1610
9761 2033
7951 2099
2994 445
6979 5915
5500 4359
4718 3464
9388 9423
1500 1237
9487 2651
116 9070
2956 8695
1804 9034
7867 8722
5123 2901
3023 7352
5649 9123
4223 6532
4532 3021
7552 8288
9745 7534
6104 7467
4775 2567
1626 1331
6538 9851
9317 4261
7710 7919
7389 2872
316 5318
6475 5796
2972 3641
1019 3444
867 1493
187 2493
8899 4975
3238 4349
8399 938
8481 4373
4176 2625
1518 2118
2923 4321
2449 4198
7071 3393
5687 6144
7144 1056
8482 6167
860 5708
9286 8750
7345 2196
345 4445
2994 5286
5817 190
4191 892
7728 2678
6510 8424
2328 8461
6306 2366
724 8141
4104 4805
2489 8348
3580 9569
6856 1559
2257 9910
1023 4956
3054 1278
6012 4541
3720 1894
1281 4046
5130 9547
2516 5828
7010 5958
4648 2698
2754 6693
6102 9767
9480 1891
8929 4000
1019 9686
2604 6803
1369 9482
1812 4724
510 8339
3972 2169
7833 7107
577 4566
777 7500
5997 8722
9531 2406
8811 8704
5473 9539
2578 6992
9862 2346
4883 9560
4336 2831
9792 6244
8371 8092
5379 9928
7601 312
9294 9840
6602 3491
6584 521
4915 7973
1222 781
5848 8731
7015 8660
7340 1228
3996 6755
9077 7727
9745 8114
2976 3307
8494 2504
9417 7763
1086 8388
6487 5668
7996 1088
2342 4313
9453 8035
8302 1897
8165 3881
9582 1624
6935 9883
201 4867
4909 6763
7934 8647
8784 8592
6204 1406
4876 5069
5966 4247
6393 3263
9719 2303
9141 7110
1299 7897
7763 148
5108 1635
1907 4173
8984 9435
9812 407
8818 2717
2042 6574
7134 7962
801 286
2428 2580
9397 3434
8936 3642
7609 1857
3745 4934
2231 368
9364 2510
1385 3914
7937 7641
534 4646
7203 2745
65 9408
5591 2982
2516 1741
8350 5936
3597 4727
4030 5786
5146 9543
6348 3001
9790 480
1638 2709
3403 7987
8340 6843
6648 604
6999 4737
2440 3394
7186 3611
2015 4775
9540 3828
5633 7671
438 7279
5774 3208
744 3029
5070 7913
7370 6079
3112 9671
8890 4790
3067 1385
9292 5641
8990 1828
3854 4222
4131 1748
231 4555
3824 1550
3558 7141
6993 8867
262 218
5000 2659
9394 6737
6373 7582
2046 7423
351 523
9326 8481
95 5141
3017 9650
