828 307 1000000
717 648
441 448
427 121
55 524
2 102
270 101
117 767
642 254
330 624
538 711
748 62
666 807
691 122
792 175
768 238
630 688
179 289
745 26
484 696
555 173
232 696
348 702
396 137
794 63
199 332
514 811
760 678
190 141
28 122
220 393
695 338
473 162
112 456
215 544
382 78
108 709
180 587
400 652
747 691
401 715
190 145
724 119
498 726
113 479
629 374
321 528
752 385
644 222
578 120
130 746
526 235
76 283
61 678
475 73
630 171
327 114
661 307
373 182
254 554
444 292
453 720
511 753
617 175
381 241
124 251
822 465
515 42
405 90
387 326
662 34
333 317
754 48
718 496
100 501
818 344
766 423
20 152
357 330
358 727
694 763
466 29
231 252
653 312
386 74
221 635
196 808
759 747
99 791
236 15
596 824
827 695
360 28
190 494
582 89
602 304
159 212
428 44
61 652
624 414
239 202
444 46
588 462
599 745
549 656
78 205
697 593
760 798
78 496
389 718
604 581
488 250
72 71
685 437
213 3
326 22
75 178
359 219
622 750
38 276
635 28
161 719
417 469
337 641
735 421
651 469
394 527
229 89
718 198
788 450
715 242
18 544
134 718
129 252
593 139
109 53
310 166
139 203
52 120
388 385
441 264
695 190
151 550
247 155
487 754
5 417
740 617
416 824
507 665
497 123
520 791
323 460
339 672
706 661
726 208
30 129
769 368
631 821
594 761
654 138
808 752
808 730
672 543
396 394
108 529
100 188
382 80
237 24
261 758
598 713
752 247
567 451
15 478
101 395
29 111
564 124
515 710
253 783
753 597
626 648
725 503
757 509
529 660
675 263
775 680
104 452
349 701
532 672
704 330
172 404
508 284
266 588
205 49
788 418
543 336
544 454
198 482
476 465
256 44
388 642
280 773
165 549
451 630
700 541
98 684
147 451
141 550
807 506
212 63
367 758
685 544
131 394
478 706
601 274
359 235
511 530
198 608
202 272
8 750
97 540
59 621
641 647
429 252
655 789
80 448
425 686
498 653
751 520
139 195
253 328
251 126
286 220
41 450
717 558
709 121
325 649
151 672
512 254
224 816
160 353
200 521
769 172
203 388
88 213
707 635
250 345
816 248
13 608
534 367
413 439
375 91
32 515
788 99
653 257
95 388
668 110
87 306
183 561
570 286
799 248
707 716
111 382
471 199
552 484
432 129
775 330
131 387
414 457
657 222
786 269
373 320
431 146
301 423
568 704
364 596
221 489
557 40
387 444
252 766
264 577
259 297
703 270
7 412
104 596
827 193
690 68
4 626
357 237
764 153
738 424
197 210
407 123
381 145
418 425
514 222
510 114
819 809
309 445
132 705
535 272
629 18
634 395
754 333
789 151
98 823
693 417
141 344
814 526
