205 424 1000000
189 38
192 112
125 142
126 49
124 77
202 53
146 190
80 122
146 192
61 154
46 184
145 123
20 187
120 180
164 161
75 109
95 178
108 100
131 173
85 189
30 62
54 70
96 121
37 94
20 71
64 84
186 88
89 11
200 33
188 98
152 107
129 141
41 33
168 37
157 153
193 30
116 187
91 75
159 181
74 86
48 49
183 174
116 165
40 44
138 29
164 65
36 89
161 21
37 188
134 41
169 139
38 103
187 21
93 29
156 33
172 191
161 19
54 180
131 29
40 177
25 150
65 16
57 56
2 145
99 47
107 177
79 190
152 2
48 39
181 135
115 116
108 124
16 129
133 127
97 117
7 137
123 130
47 97
25 40
18 76
78 80
145 58
165 197
14 120
190 21
152 66
138 13
113 178
89 71
184 150
181 58
56 88
10 46
68 12
191 129
186 110
81 127
179 176
77 87
109 91
182 17
58 15
128 41
14 83
17 11
100 92
29 146
91 100
29 94
4 113
173 197
116 144
203 109
129 65
74 144
68 178
51 74
117 76
107 58
79 127
123 168
160 27
102 172
118 100
203 201
142 82
196 124
188 156
127 4
88 100
40 173
188 132
136 124
49 22
52 89
66 3
153 27
150 140
128 148
145 16
53 160
116 151
55 173
188 104
74 112
109 57
134 161
156 176
3 47
30 77
145 80
63 30
136 201
45 9
185 178
39 203
24 99
121 44
122 115
82 101
172 89
152 102
43 30
16 114
52 29
81 69
168 157
103 60
80 58
132 150
50 92
56 185
5 15
205 103
109 134
113 67
161 28
180 88
45 29
13 171
71 181
45 7
23 78
67 205
177 164
68 139
14 36
83 152
122 34
24 170
43 70
122 101
181 58
23 149
85 180
64 169
191 33
78 141
78 99
29 92
17 38
128 9
187 77
64 192
119 99
34 102
12 76
202 187
199 38
18 150
38 96
115 74
72 64
79 165
175 52
103 105
46 92
69 57
37 156
21 190
4 176
115 168
99 140
39 132
92 29
135 4
157 107
32 29
99 121
26 1
169 61
130 27
20 47
172 111
38 97
86 194
91 95
82 78
141 169
185 55
14 50
107 10
5 114
154 102
47 202
162 62
127 39
88 67
136 158
55 200
103 73
52 101
169 36
26 101
76 150
20 19
182 129
174 85
135 198
175 32
40 199
79 146
194 14
170 27
14 67
102 91
95 57
128 148
6 133
188 34
101 176
68 62
94 161
201 74
68 53
47 139
103 15
37 62
68 89
30 115
22 176
53 116
164 204
55 95
38 114
156 151
105 187
88 57
177 156
154 109
68 171
95 25
155 195
67 61
181 136
53 103
194 59
48 34
33 190
152 95
111 118
127 119
157 35
42 145
113 180
200 29
192 135
101 97
193 77
139 173
36 12
28 113
133 122
185 54
123 35
71 181
81 69
189 183
60 147
56 168
51 180
127 102
54 23
151 67
25 191
117 200
29 155
111 189
54 188
6 172
73 86
205 175
139 112
126 201
138 26
27 103
171 118
168 154
161 119
148 110
16 152
203 37
186 109
43 46
45 96
199 123
72 109
128 78
45 34
113 150
98 10
107 12
83 106
74 41
186 190
165 77
131 30
90 150
155 67
146 34
145 116
169 87
5 105
130 138
115 97
193 184
47 81
25 22
89 81
152 26
144 150
49 144
112 52
173 135
52 167
149 122
78 10
48 203
73 106
169 31
78 150
28 37
59 33
59 195
61 93
113 105
175 157
192 57
96 90
191 46
70 4
158 29
82 44
156 22
1 129
122 151
36 7
55 78
41 163
112 176
27 107
130 78
160 73
180 81
99 10
117 86
127 166
151 147
155 37
198 125
99 64
196 164
86 42
89 119
31 131
18 115
101 176
61 69
29 61
21 98
182 27
117 195
129 90
129 98
