1000 1000
2 1
1 3
2 4
5 2
1 6
6 7
1 8
9 2
10 9
11 2
2 12
13 1
8 14
15 10
2 16
17 15
1 18
19 10
1 20
21 11
22 18
23 9
15 24
24 25
26 23
27 13
21 28
29 7
30 12
19 31
32 19
14 33
5 34
35 25
36 16
37 32
14 38
39 10
39 40
19 41
18 42
4 43
44 25
45 28
17 46
47 39
33 48
49 39
50 10
51 8
7 52
53 48
25 54
51 55
56 40
43 57
57 58
15 59
60 9
61 17
17 62
63 53
11 64
65 33
43 66
67 22
16 68
69 48
47 70
71 14
61 72
16 73
7 74
37 75
76 66
77 53
78 33
79 72
58 80
4 81
82 72
48 83
49 84
85 54
86 76
56 87
88 62
3 89
90 75
47 91
92 40
93 25
88 94
95 21
96 34
97 88
98 87
2 99
100 57
8 101
69 102
34 103
104 10
83 105
13 106
107 87
43 108
91 109
95 110
68 111
66 112
22 113
30 114
6 115
108 116
78 117
26 118
20 119
120 57
73 121
98 122
88 123
124 41
57 125
73 126
114 127
83 128
53 129
130 117
111 131
132 88
39 133
134 87
73 135
19 136
76 137
138 15
139 63
140 89
139 141
142 9
143 129
7 144
145 78
146 115
147 6
148 55
149 115
65 150
36 151
152 140
4 153
68 154
144 155
156 66
157 51
158 146
159 30
76 160
55 161
162 78
163 142
164 77
165 162
103 166
71 167
168 10
169 121
138 170
171 36
172 34
173 119
174 149
28 175
176 51
177 26
7 178
179 52
25 180
37 181
17 182
23 183
184 56
185 60
95 186
162 187
183 188
87 189
190 92
183 191
155 192
193 159
55 194
195 142
196 195
197 174
198 184
199 65
190 200
201 44
181 202
146 203
204 3
205 77
59 206
60 207
171 208
188 209
194 210
44 211
212 32
213 136
145 214
171 215
55 216
137 217
115 218
219 193
220 122
127 221
148 222
77 223
123 224
11 225
101 226
203 227
228 194
220 229
68 230
231 86
107 232
233 164
221 234
214 235
236 193
4 237
41 238
239 15
240 196
241 180
242 215
212 243
244 91
245 180
246 225
247 242
144 248
249 156
140 250
251 141
63 252
253 157
254 127
231 255
136 256
257 157
258 48
115 259
40 260
167 261
170 262
158 263
91 264
153 265
266 108
267 202
268 179
201 269
270 162
271 201
272 21
273 144
274 211
177 275
276 216
277 170
239 278
109 279
280 88
281 84
282 77
96 283
284 148
285 184
286 133
2 287
288 49
181 289
166 290
157 291
292 36
268 293
144 294
295 93
46 296
297 244
298 194
299 40
300 261
282 301
302 191
37 303
6 304
18 305
168 306
101 307
308 250
309 37
310 139
253 311
312 230
233 313
314 1
179 315
316 69
317 8
279 318
58 319
44 320
113 321
100 322
323 138
113 324
285 325
15 326
327 200
328 83
329 139
330 126
103 331
243 332
245 333
329 334
318 335
158 336
137 337
13 338
149 339
340 322
341 305
2 342
343 334
273 344
123 345
346 105
347 119
348 246
106 349
289 350
351 156
352 289
243 353
354 189
355 352
332 356
357 100
358 246
21 359
360 160
361 24
362 328
98 363
364 97
365 221
366 69
367 154
368 291
101 369
370 351
371 151
8 372
167 373
331 374
375 363
143 376
323 377
264 378
379 170
380 83
201 381
287 382
110 383
13 384
218 385
386 380
373 387
388 137
389 152
390 20
164 391
344 392
393 139
394 208
280 395
380 396
123 397
234 398
185 399
400 387
247 401
298 402
91 403
47 404
405 273
406 331
407 184
381 408
409 168
410 247
411 402
412 27
413 189
368 414
415 194
203 416
417 390
418 78
419 106
420 379
246 421
235 422
377 423
424 208
18 425
342 426
241 427
428 185
429 394
430 313
431 326
351 432
433 206
434 155
435 323
436 315
205 437
438 68
439 315
168 440
441 186
442 71
443 54
311 444
445 218
446 194
368 447
39 448
449 407
148 450
451 72
452 27
144 453
454 438
455 78
456 155
457 271
458 16
115 459
460 439
409 461
462 42
340 463
464 259
10 465
466 454
467 181
468 231
469 350
108 470
15 471
472 299
377 473
474 120
372 475
182 476
452 477
201 478
26 479
305 480
334 481
389 482
373 483
385 484
485 384
486 3
487 443
133 488
177 489
183 490
491 22
492 398
123 493
494 480
199 495
461 496
497 155
395 498
499 461
224 500
501 441
470 502
21 503
250 504
505 94
103 506
507 464
508 201
272 509
510 367
511 56
469 512
362 513
514 442
243 515
188 516
517 137
216 518
469 519
208 520
521 24
319 522
141 523
524 151
37 525
526 179
115 527
92 528
2 529
478 530
531 136
493 532
533 9
534 488
535 257
536 367
537 168
404 538
442 539
540 435
73 541
266 542
543 465
544 469
545 43
373 546
533 547
548 395
549 407
30 550
551 90
552 433
285 553
554 547
555 281
389 556
537 557
50 558
453 559
560 171
62 561
562 188
563 114
69 564
565 178
120 566
567 533
78 568
151 569
570 46
571 478
98 572
359 573
370 574
367 575
219 576
577 401
25 578
340 579
508 580
581 271
486 582
583 409
584 499
110 585
586 148
194 587
11 588
18 589
590 216
591 410
592 142
111 593
594 160
595 78
62 596
597 448
598 590
165 599
410 600
435 601
188 602
603 92
353 604
503 605
504 606
511 607
608 205
609 477
610 98
611 606
606 612
4 613
614 44
309 615
354 616
613 617
618 229
238 619
620 215
344 621
183 622
623 472
296 624
469 625
50 626
267 627
628 509
183 629
630 456
271 631
632 304
597 633
634 339
5 635
221 636
637 528
450 638
639 435
376 640
641 334
642 357
471 643
644 24
42 645
646 356
238 647
648 42
649 578
74 650
512 651
652 429
653 491
654 477
645 655
28 656
448 657
658 228
659 537
660 540
661 564
662 27
239 663
664 23
665 260
666 22
290 667
668 540
442 669
6 670
83 671
53 672
673 516
674 378
675 322
676 19
677 5
425 678
106 679
270 680
681 419
682 275
61 683
189 684
616 685
573 686
687 644
688 399
689 417
613 690
42 691
2 692
666 693
694 424
440 695
233 696
697 40
698 237
699 631
700 320
701 89
702 323
236 703
704 604
224 705
706 284
100 707
708 458
709 678
163 710
711 5
712 533
290 713
714 589
651 715
316 716
198 717
670 718
719 4
280 720
39 721
289 722
216 723
526 724
725 173
726 212
727 566
231 728
129 729
730 475
731 322
166 732
50 733
61 734
735 129
453 736
737 288
650 738
461 739
366 740
356 741
742 12
743 742
744 144
745 142
746 745
747 61
232 748
749 525
237 750
441 751
752 666
753 291
754 73
755 718
756 226
757 454
758 260
759 457
760 93
761 8
762 282
224 763
764 417
175 765
766 225
767 521
763 768
134 769
770 764
193 771
536 772
15 773
774 306
496 775
776 172
231 777
59 778
735 779
585 780
781 489
417 782
117 783
432 784
403 785
786 460
787 69
788 116
789 91
404 790
62 791
563 792
793 156
108 794
795 495
268 796
190 797
81 798
799 624
800 188
785 801
220 802
129 803
804 429
275 805
745 806
807 26
808 255
182 809
319 810
811 657
66 812
813 591
814 736
815 777
681 816
89 817
128 818
631 819
820 397
821 130
822 357
198 823
824 207
725 825
500 826
304 827
141 828
795 829
414 830
831 590
832 680
833 514
834 812
336 835
600 836
753 837
838 276
839 328
840 710
841 169
185 842
843 443
844 691
845 254
846 776
847 807
431 848
849 68
810 850
787 851
852 149
853 635
854 281
855 569
856 820
179 857
858 281
452 859
447 860
861 656
862 782
305 863
864 253
865 728
866 242
867 562
294 868
296 869
870 607
130 871
173 872
873 578
383 874
267 875
106 876
174 877
25 878
860 879
536 880
881 4
882 268
883 122
299 884
776 885
210 886
887 869
888 585
889 839
890 245
343 891
156 892
893 39
16 894
895 36
430 896
274 897
898 417
505 899
900 470
901 392
321 902
243 903
904 366
401 905
807 906
501 907
908 393
909 871
910 765
911 379
912 457
842 913
783 914
576 915
916 860
917 363
141 918
919 163
920 160
921 832
460 922
259 923
539 924
319 925
459 926
630 927
928 633
915 929
930 18
931 114
932 752
277 933
934 475
831 935
920 936
692 937
938 352
544 939
940 581
506 941
942 744
144 943
602 944
133 945
946 259
947 227
794 948
571 949
734 950
951 828
952 872
846 953
922 954
917 955
956 221
957 672
73 958
959 761
960 124
961 760
962 245
690 963
964 403
965 52
567 966
967 581
267 968
969 309
880 970
971 622
666 972
973 330
974 432
975 397
976 549
977 373
375 978
159 979
980 209
981 84
345 982
424 983
617 984
9 985
659 986
655 987
703 988
989 159
990 132
991 348
992 83
771 993
878 994
385 995
33 996
997 375
998 942
999 888
1000 737
504 975
150 525
492 940
165 928
170 859
502 807
264 920
187 398
400 586
200 376
350 916
309 738
292 448
283 474
276 834
110 594
272 896
50 250
525 950
314 356
119 950
419 844
488 596
500 660
126 560
356 375
228 383
114 384
648 752
685 996
160 320
300 932
126 996
14 176
68 495
184 584
264 918
747 928
136 170
662 1000
153 900
505 535
68 460
518 760
710 1000
258 585
700 804
730 795
80 460
750 844
44 228
105 696
604 704
144 385
456 498
747 820
532 660
372 750
160 192
647 980
2 948
368 772
128 812
475 483
196 827
90 408
714 768
41 746
292 768
917 936
277 382
295 652
52 879
628 844
700 718
351 832
578 933
828 944
612 863
384 394
500 912
525 639
233 726
385 440
230 640
28 882
568 940
450 945
528 901
130 572
144 825
72 788
94 246
160 240
18 472
303 321
104 724
168 322
34 48
498 779
531 560
780 850
40 213
63 800
332 350
248 840
139 692
92 892
240 344
354 366
628 769
135 576
445 784
726 880
190 322
621 950
728 848
30 240
170 960
64 72
340 358
21 670
616 752
747 934
364 887
211 677
236 535
304 425
40 295
352 748
60 525
442 534
678 800
808 816
286 310
669 804
332 446
110 988
483 928
98 932
400 825
211 604
394 920
761 952
184 619
492 740
22 813
657 684
228 650
316 720
350 792
232 596
560 960
648 680
612 928
307 965
578 644
661 876
348 995
318 820
200 983
213 444
59 115
375 500
128 1000
10 818
296 404
328 600
178 920
62 720
352 392
240 632
450 504
750 974
80 720
75 666
340 885
724 785
552 670
248 281
259 450
134 775
168 928
820 945
434 756
28 417
108 772
216 556
610 776
10 855
355 806
44 594
460 558
342 404
572 695
668 755
436 894
481 896
268 867
32 256
900 906
414 500
549 710
464 665
146 722
507 688
224 670
122 1000
42 148
10 1000
652 848
376 917
59 270
434 908
418 856
88 210
304 1000
110 664
526 900
54 980
680 772
938 946
820 1000
436 720
685 780
525 710
303 480
220 710
704 788
325 570
180 759
280 673
534 886
326 964
129 745
320 385
695 800
476 718
572 685
335 742
176 780
714 818
210 270
600 805
600 873
194 242
160 890
717 815
176 470
688 902
129 1000
49 328
646 936
556 632
530 589
256 502
163 389
573 588
434 575
208 783
239 837
381 547
24 1000
562 624
846 860
335 508
70 878
192 215
548 776
180 740
264 392
520 1000
244 884
4 884
720 766
72 474
488 520
14 238
795 980
80 484
10 92
392 680
884 968
380 782
187 716
100 800
250 536
250 322
50 800
335 623
500 730
598 726
168 540
671 961
272 904
60 980
832 1000
746 977
90 120
614 912
128 844
122 216
450 896
395 568
202 444
100 336
262 594
320 782
192 596
160 956
360 830
64 138
665 956
290 888
392 698
560 920
112 438
721 876
50 290
470 864
470 640
102 596
175 996
384 698
126 281
90 706
210 642
546 780
40 1000
56 552
40 832
638 928
650 712
750 840
385 967
501 706
578 618
350 380
464 783
344 900
472 484
39 157
114 981
830 872
252 796
352 410
474 512
512 953
426 458
67 124
550 592
206 600
9 203
172 788
312 668
717 825
306 456
440 712
62 575
107 936
8 314
548 815
90 732
554 820
280 510
114 544
450 659
322 510
32 890
194 962
80 776
756 920
892 947
685 774
560 575
356 704
808 822
224 518
816 930
220 534
586 1000
150 186
319 525
316 484
800 896
489 843
170 592
580 760
680 984
279 280
316 395
184 877
400 440
92 980
344 350
624 728
8 816
360 428
388 690
304 434
435 578
496 531
640 656
88 229
126 920
246 928
194 704
149 718
280 319
528 624
479 784
34 696
150 897
129 866
392 684
480 667
536 971
128 360
88 680
13 280
50 435
632 680
321 625
639 896
230 359
175 792
55 568
656 960
212 800
510 692
160 908
230 534
453 969
52 117
437 816
575 652
762 975
328 810
350 678
584 850
708 918
156 258
581 720
95 675
507 910
72 998
313 350
576 930
210 250
745 766
200 855
124 687
650 874
518 867
250 304
522 614
672 734
793 904
315 320
274 400
300 458
42 80
16 568
210 650
528 620
596 834
75 660
990 1000
176 375
32 992
195 304
32 625
187 535
50 560
748 772
195 616
96 160
488 750
184 240
622 655
800 900
200 240
122 169
400 845
334 602
304 485
64 840
305 342
274 994
432 592
88 576
694 788
616 1000
237 956
84 892
894 936
354 851
910 964
490 740
40 644
573 785
900 901
82 950
484 839
27 646
190 880
513 756
340 800
41 610
576 589
426 816
745 900
44 342
56 130
912 924
520 880
264 707
816 842
71 151
411 1000
282 534
280 536
192 321
200 768
300 528
600 804
522 639
128 945
370 586
520 960
442 982
382 432
666 874
552 822
361 508
77 1000
200 643
748 956
400 416
237 320
376 400
651 720
382 681
504 824
384 400
208 812
725 906
62 100
106 318
27 414
774 886
223 802
796 977
352 579
589 869
992 1000
144 280
640 668
553 826
914 998
346 1000
336 851
88 753
13 583
264 891
534 824
424 730
19 860
364 680
714 750
643 652
17 373
96 884
224 454
104 379
60 761
640 655
920 960
180 770
360 579
470 480
344 460
116 530
785 812
416 603
283 369
324 400
244 464
166 954
223 744
76 722
36 320
51 454
344 500
60 180
14 600
16 913
638 661
261 472
135 340
125 863
636 955
263 488
192 856
350 640
829 960
75 626
155 576
456 937
97 518
558 688
426 532
248 876
64 396
198 940
81 582
327 704
138 398
202 616
264 760
288 478
110 988
166 464
450 700
704 757
361 584
548 765
134 966
232 424
767 784
213 446
250 844
630 838
488 832
110 334
200 292
148 666
652 950
957 992
16 186
788 841
810 988
2 934
525 786
102 680
233 244
350 584
128 461
84 485
430 453
600 668
432 816
105 984
510 964
135 844
392 696
452 840
95 975
512 620
94 682
46 692
106 835
113 171
146 928
492 803
120 970
147 625
267 461
842 960
262 610
250 364
880 1000
706 954
177 412
148 952
108 772
166 460
412 775
156 166
162 184
312 632
159 822
74 628
400 584
704 776
20 828
38 380
60 736
253 800
664 958
775 865
458 768
244 451
161 260
17 546
440 654
276 780
100 561
53 970
462 940
370 440
185 689
718 930
193 508
504 600
328 353
137 160
105 380
80 880
324 860
472 912
448 516
406 430
284 336
774 844
571 1000
365 450
88 612
460 472
258 556
158 552
710 762
177 496
1 172
367 435
256 510
893 970
636 682
672 919
160 736
377 440
772 932
612 613
287 515
625 861
386 710
213 420
87 855
200 975
40 280
345 724
389 879
56 260
562 656
176 860
333 976
43 392
857 1000
256 486
740 870
264 920
58 458
422 830
29 719
104 821
235 500
14 625
696 732
213 488
214 932
614 736
325 856
660 939
80 819
455 494
650 720
575 914
642 910
160 525
750 960
128 312
125 788
31 325
40 200
122 258
194 383
26 570
367 880
820 880
420 806
656 948
550 648
5 192
792 904
18 648
481 960
530 594
102 836
180 197
224 820
10 300
204 317
432 571
129 450
690 940
75 350
287 988
542 913
501 579
400 735
588 952
276 590
424 784
59 191
232 886
292 788
65 480
68 440
190 932
72 630
710 748
62 730
787 840
392 988
431 690
130 154
196 690
428 440
542 670
300 500
200 960
380 934
450 600
607 935
135 785
340 890
8 1000
216 890
216 789
356 972
490 900
710 816
743 784
37 391
713 1000
335 832
240 794
728 983
690 800
609 826
924 976
80 920
535 789
512 872
66 518
244 912
560 816
700 892
180 879
376 911
688 768
52 248
776 872
410 790
127 250
360 697
192 303
88 216
295 432
68 258
50 112
374 960
612 760
840 1000
265 775
42 272
571 876
128 603
35 990
302 960
520 725
16 262
328 334
205 500
305 786
687 817
48 184
380 709
201 310
152 214
664 876
572 1000
465 762
76 564
452 682
187 596
66 584
252 840
367 750
316 904
233 274
160 463
308 648
125 362
272 870
295 873
385 520
538 756
570 994
123 706
736 822
345 453
835 992
564 834
316 546
763 767
46 430
350 992
670 680
662 820
300 936
280 652
590 911
256 860
215 443
76 440
92 620
128 642
319 745
100 560
248 755
480 944
637 832
40 520
342 830
508 619
73 934
405 466
104 534
520 574
348 792
74 464
36 550
185 478
712 772
534 565
523 580
104 356
190 824
189 664
430 808
442 750
289 732
130 454
670 780
360 950
26 992
130 956
584 823
241 822
160 850
18 508
116 127
140 404
360 746
500 660
610 694
214 220
40 431
312 400
96 480
32 904
413 526
482 620
278 408
220 512
420 779
812 964
590 650
408 545
104 288
688 752
474 644
276 835
196 284
214 432
280 486
325 795
160 515
360 932
335 612
256 500
120 575
51 552
39 815
16 228
728 808
185 785
160 284
360 990
216 619
328 580
372 816
352 802
220 720
130 521
360 626
237 678
352 789
300 535
