1000 1000
1 2
2 3
3 4
4 5
5 6
6 7
7 8
8 9
9 10
10 11
11 12
12 13
13 14
14 15
15 16
16 17
17 18
18 19
19 20
20 21
21 22
22 23
23 24
24 25
25 26
26 27
27 28
28 29
29 30
30 31
31 32
32 33
33 34
34 35
35 36
36 37
37 38
38 39
39 40
40 41
41 42
42 43
43 44
44 45
45 46
46 47
47 48
48 49
49 50
50 51
51 52
52 53
53 54
54 55
55 56
56 57
57 58
58 59
59 60
60 61
61 62
62 63
63 64
64 65
65 66
66 67
67 68
68 69
69 70
70 71
71 72
72 73
73 74
74 75
75 76
76 77
77 78
78 79
79 80
80 81
81 82
82 83
83 84
84 85
85 86
86 87
87 88
88 89
89 90
90 91
91 92
92 93
93 94
94 95
95 96
96 97
97 98
98 99
99 100
100 101
101 102
102 103
103 104
104 105
105 106
106 107
107 108
108 109
109 110
110 111
111 112
112 113
113 114
114 115
115 116
116 117
117 118
118 119
119 120
120 121
121 122
122 123
123 124
124 125
125 126
126 127
127 128
128 129
129 130
130 131
131 132
132 133
133 134
134 135
135 136
136 137
137 138
138 139
139 140
140 141
141 142
142 143
143 144
144 145
145 146
146 147
147 148
148 149
149 150
150 151
151 152
152 153
153 154
154 155
155 156
156 157
157 158
158 159
159 160
160 161
161 162
162 163
163 164
164 165
165 166
166 167
167 168
168 169
169 170
170 171
171 172
172 173
173 174
174 175
175 176
176 177
177 178
178 179
179 180
180 181
181 182
182 183
183 184
184 185
185 186
186 187
187 188
188 189
189 190
190 191
191 192
192 193
193 194
194 195
195 196
196 197
197 198
198 199
199 200
200 201
201 202
202 203
203 204
204 205
205 206
206 207
207 208
208 209
209 210
210 211
211 212
212 213
213 214
214 215
215 216
216 217
217 218
218 219
219 220
220 221
221 222
222 223
223 224
224 225
225 226
226 227
227 228
228 229
229 230
230 231
231 232
232 233
233 234
234 235
235 236
236 237
237 238
238 239
239 240
240 241
241 242
242 243
243 244
244 245
245 246
246 247
247 248
248 249
249 250
250 251
251 252
252 253
253 254
254 255
255 256
256 257
257 258
258 259
259 260
260 261
261 262
262 263
263 264
264 265
265 266
266 267
267 268
268 269
269 270
270 271
271 272
272 273
273 274
274 275
275 276
276 277
277 278
278 279
279 280
280 281
281 282
282 283
283 284
284 285
285 286
286 287
287 288
288 289
289 290
290 291
291 292
292 293
293 294
294 295
295 296
296 297
297 298
298 299
299 300
300 301
301 302
302 303
303 304
304 305
305 306
306 307
307 308
308 309
309 310
310 311
311 312
312 313
313 314
314 315
315 316
316 317
317 318
318 319
319 320
320 321
321 322
322 323
323 324
324 325
325 326
326 327
327 328
328 329
329 330
330 331
331 332
332 333
333 334
334 335
335 336
336 337
337 338
338 339
339 340
340 341
341 342
342 343
343 344
344 345
345 346
346 347
347 348
348 349
349 350
350 351
351 352
352 353
353 354
354 355
355 356
356 357
357 358
358 359
359 360
360 361
361 362
362 363
363 364
364 365
365 366
366 367
367 368
368 369
369 370
370 371
371 372
372 373
373 374
374 375
375 376
376 377
377 378
378 379
379 380
380 381
381 382
382 383
383 384
384 385
385 386
386 387
387 388
388 389
389 390
390 391
391 392
392 393
393 394
394 395
395 396
396 397
397 398
398 399
399 400
400 401
401 402
402 403
403 404
404 405
405 406
406 407
407 408
408 409
409 410
410 411
411 412
412 413
413 414
414 415
415 416
416 417
417 418
418 419
419 420
420 421
421 422
422 423
423 424
424 425
425 426
426 427
427 428
428 429
429 430
430 431
431 432
432 433
433 434
434 435
435 436
436 437
437 438
438 439
439 440
440 441
441 442
442 443
443 444
444 445
445 446
446 447
447 448
448 449
449 450
450 451
451 452
452 453
453 454
454 455
455 456
456 457
457 458
458 459
459 460
460 461
461 462
462 463
463 464
464 465
465 466
466 467
467 468
468 469
469 470
470 471
471 472
472 473
473 474
474 475
475 476
476 477
477 478
478 479
479 480
480 481
481 482
482 483
483 484
484 485
485 486
486 487
487 488
488 489
489 490
490 491
491 492
492 493
493 494
494 495
495 496
496 497
497 498
498 499
499 500
500 501
501 502
502 503
503 504
504 505
505 506
506 507
507 508
508 509
509 510
510 511
511 512
512 513
513 514
514 515
515 516
516 517
517 518
518 519
519 520
520 521
521 522
522 523
523 524
524 525
525 526
526 527
527 528
528 529
529 530
530 531
531 532
532 533
533 534
534 535
535 536
536 537
537 538
538 539
539 540
540 541
541 542
542 543
543 544
544 545
545 546
546 547
547 548
548 549
549 550
550 551
551 552
552 553
553 554
554 555
555 556
556 557
557 558
558 559
559 560
560 561
561 562
562 563
563 564
564 565
565 566
566 567
567 568
568 569
569 570
570 571
571 572
572 573
573 574
574 575
575 576
576 577
577 578
578 579
579 580
580 581
581 582
582 583
583 584
584 585
585 586
586 587
587 588
588 589
589 590
590 591
591 592
592 593
593 594
594 595
595 596
596 597
597 598
598 599
599 600
600 601
601 602
602 603
603 604
604 605
605 606
606 607
607 608
608 609
609 610
610 611
611 612
612 613
613 614
614 615
615 616
616 617
617 618
618 619
619 620
620 621
621 622
622 623
623 624
624 625
625 626
626 627
627 628
628 629
629 630
630 631
631 632
632 633
633 634
634 635
635 636
636 637
637 638
638 639
639 640
640 641
641 642
642 643
643 644
644 645
645 646
646 647
647 648
648 649
649 650
650 651
651 652
652 653
653 654
654 655
655 656
656 657
657 658
658 659
659 660
660 661
661 662
662 663
663 664
664 665
665 666
666 667
667 668
668 669
669 670
670 671
671 672
672 673
673 674
674 675
675 676
676 677
677 678
678 679
679 680
680 681
681 682
682 683
683 684
684 685
685 686
686 687
687 688
688 689
689 690
690 691
691 692
692 693
693 694
694 695
695 696
696 697
697 698
698 699
699 700
700 701
701 702
702 703
703 704
704 705
705 706
706 707
707 708
708 709
709 710
710 711
711 712
712 713
713 714
714 715
715 716
716 717
717 718
718 719
719 720
720 721
721 722
722 723
723 724
724 725
725 726
726 727
727 728
728 729
729 730
730 731
731 732
732 733
733 734
734 735
735 736
736 737
737 738
738 739
739 740
740 741
741 742
742 743
743 744
744 745
745 746
746 747
747 748
748 749
749 750
750 751
751 752
752 753
753 754
754 755
755 756
756 757
757 758
758 759
759 760
760 761
761 762
762 763
763 764
764 765
765 766
766 767
767 768
768 769
769 770
770 771
771 772
772 773
773 774
774 775
775 776
776 777
777 778
778 779
779 780
780 781
781 782
782 783
783 784
784 785
785 786
786 787
787 788
788 789
789 790
790 791
791 792
792 793
793 794
794 795
795 796
796 797
797 798
798 799
799 800
800 801
801 802
802 803
803 804
804 805
805 806
806 807
807 808
808 809
809 810
810 811
811 812
812 813
813 814
814 815
815 816
816 817
817 818
818 819
819 820
820 821
821 822
822 823
823 824
824 825
825 826
826 827
827 828
828 829
829 830
830 831
831 832
832 833
833 834
834 835
835 836
836 837
837 838
838 839
839 840
840 841
841 842
842 843
843 844
844 845
845 846
846 847
847 848
848 849
849 850
850 851
851 852
852 853
853 854
854 855
855 856
856 857
857 858
858 859
859 860
860 861
861 862
862 863
863 864
864 865
865 866
866 867
867 868
868 869
869 870
870 871
871 872
872 873
873 874
874 875
875 876
876 877
877 878
878 879
879 880
880 881
881 882
882 883
883 884
884 885
885 886
886 887
887 888
888 889
889 890
890 891
891 892
892 893
893 894
894 895
895 896
896 897
897 898
898 899
899 900
900 901
901 902
902 903
903 904
904 905
905 906
906 907
907 908
908 909
909 910
910 911
911 912
912 913
913 914
914 915
915 916
916 917
917 918
918 919
919 920
920 921
921 922
922 923
923 924
924 925
925 926
926 927
927 928
928 929
929 930
930 931
931 932
932 933
933 934
934 935
935 936
936 937
937 938
938 939
939 940
940 941
941 942
942 943
943 944
944 945
945 946
946 947
947 948
948 949
949 950
950 951
951 952
952 953
953 954
954 955
955 956
956 957
957 958
958 959
959 960
960 961
961 962
962 963
963 964
964 965
965 966
966 967
967 968
968 969
969 970
970 971
971 972
972 973
973 974
974 975
975 976
976 977
977 978
978 979
979 980
980 981
981 982
982 983
983 984
984 985
985 986
986 987
987 988
988 989
989 990
990 991
991 992
992 993
993 994
994 995
995 996
996 997
997 998
998 999
999 1000
330 336
88 693
120 568
242 629
114 631
470 708
374 520
166 948
524 742
158 784
25 250
110 804
580 715
485 762
550 844
194 950
136 290
80 296
499 664
488 640
60 625
326 514
84 650
176 460
302 384
24 470
208 904
210 540
454 949
128 824
798 964
470 638
280 914
677 785
208 972
61 605
556 634
84 598
146 696
211 721
258 509
85 727
408 863
240 413
196 848
94 436
528 946
410 724
450 740
330 868
600 916
139 412
712 920
898 996
72 495
400 973
71 360
580 1000
281 634
170 395
731 745
53 416
250 655
60 92
216 980
225 391
120 150
357 834
370 640
54 467
245 878
800 910
288 498
402 635
508 842
200 535
80 287
225 425
474 983
370 403
199 970
135 180
656 968
10 947
327 382
144 970
224 846
680 888
332 708
233 556
131 664
400 480
918 984
150 400
372 800
292 872
560 990
157 456
498 644
200 240
244 392
792 813
145 278
300 664
272 780
712 837
176 712
476 500
198 440
307 500
530 652
41 434
200 824
44 433
90 947
605 662
64 848
387 893
856 950
465 491
144 240
467 680
644 838
536 702
194 730
10 784
292 695
396 644
610 760
248 885
430 952
571 750
180 832
390 870
204 337
8 598
135 751
595 646
119 882
585 910
215 368
458 752
72 300
880 928
750 786
80 408
352 510
450 608
810 888
384 992
298 400
648 652
165 176
390 650
338 364
322 732
272 846
46 976
280 830
50 646
84 806
41 629
880 994
514 910
883 984
275 958
78 140
124 720
466 556
108 272
168 464
408 454
489 750
270 700
44 940
712 904
516 709
160 730
384 797
265 772
160 554
616 854
150 576
375 568
85 635
497 731
70 138
529 548
164 240
21 404
296 991
244 660
382 425
257 480
18 731
616 675
24 953
744 755
435 886
192 480
289 739
368 600
212 445
478 880
460 740
674 832
62 460
209 740
70 292
379 712
304 895
234 452
470 688
500 961
571 959
488 519
600 602
62 270
135 724
66 776
108 757
18 479
616 680
372 456
142 852
620 959
464 620
7 594
24 619
684 970
82 951
93 930
72 646
228 716
200 560
150 472
73 930
83 950
690 962
7 952
275 680
713 816
784 853
210 464
177 896
60 417
500 680
660 816
160 755
352 446
284 500
120 932
116 712
640 976
146 742
102 988
832 920
285 485
198 778
144 924
224 488
111 364
337 568
392 559
111 600
548 870
184 625
122 598
205 448
640 810
602 704
300 361
34 866
184 440
384 1000
145 356
500 879
186 274
280 521
579 885
125 876
465 760
250 436
601 786
664 928
240 257
426 856
658 806
546 990
744 814
432 433
292 823
22 750
45 313
150 355
210 868
50 224
251 855
200 872
116 816
29 792
575 922
924 990
75 424
28 580
818 892
202 410
368 455
52 885
860 920
296 338
96 616
530 639
358 864
297 400
328 502
424 800
760 805
440 452
140 190
644 680
732 921
635 652
328 850
50 945
426 461
200 240
148 818
748 995
216 1000
69 103
200 328
476 600
670 999
402 764
300 321
802 844
135 660
412 1000
690 824
72 575
192 695
248 448
602 660
564 744
156 655
90 190
443 612
465 648
686 938
160 226
316 695
276 436
891 924
767 975
70 586
549 1000
220 608
156 984
200 605
531 770
140 949
628 840
306 610
598 808
588 824
25 795
43 512
232 392
504 625
152 352
228 810
847 990
690 940
805 859
257 340
264 840
798 989
544 554
182 643
741 935
795 954
176 986
90 170
662 1000
301 780
382 495
120 394
212 621
216 272
182 386
180 286
419 791
16 760
193 945
700 860
32 241
332 445
41 132
512 921
156 932
116 640
109 449
422 882
508 948
266 664
37 612
70 680
17 845
240 980
56 400
835 840
782 1000
198 247
332 685
46 951
192 952
246 910
158 680
608 683
282 600
516 646
325 1000
366 784
515 731
456 952
72 140
35 396
336 747
224 715
152 178
200 302
101 340
152 160
200 371
538 976
432 668
88 508
126 1000
155 336
75 330
231 488
900 920
400 730
358 462
279 636
824 950
418 943
761 793
705 940
252 932
28 56
55 956
387 664
160 340
234 560
496 803
323 925
901 994
360 770
5 584
444 676
275 560
168 905
68 669
195 1000
35 1000
32 560
733 986
82 237
50 502
958 969
728 832
664 860
544 782
420 984
276 888
127 152
84 905
76 511
240 288
100 848
408 932
700 904
172 400
6 700
212 859
156 717
624 970
352 740
336 384
14 590
52 962
450 1000
684 719
258 695
280 544
584 969
500 948
136 806
569 894
150 991
20 294
132 362
224 822
820 860
206 560
570 753
678 716
58 110
125 340
740 806
32 960
29 50
767 800
36 789
562 740
721 820
596 740
34 270
70 375
74 476
175 280
40 102
218 680
710 816
129 210
190 588
150 920
656 770
760 798
151 700
16 744
164 200
10 40
303 976
820 898
831 938
334 640
856 880
281 386
180 392
48 805
775 886
395 749
232 550
290 373
605 740
500 656
110 680
472 960
10 970
96 552
295 508
208 596
63 613
475 780
608 857
568 1000
64 652
104 324
200 436
159 945
127 465
688 958
300 896
668 808
328 440
388 532
794 936
490 936
40 728
628 928
292 933
288 593
582 616
145 984
120 505
178 340
568 754
1 590
260 596
798 904
119 960
435 772
470 556
80 405
75 600
396 904
160 978
404 472
98 961
280 842
703 810
216 673
13 472
110 334
185 867
150 824
516 740
176 970
518 998
402 747
360 800
20 410
622 736
385 536
460 750
11 816
177 740
570 940
718 786
263 879
42 512
168 636
42 620
330 369
155 517
20 920
531 900
99 324
485 695
162 712
219 828
490 848
184 433
140 689
10 356
348 529
229 840
125 230
274 704
590 800
210 340
477 594
56 910
700 800
40 940
170 909
544 738
50 428
229 915
748 920
478 895
108 768
435 911
207 488
860 882
20 720
104 226
784 808
305 872
50 778
100 964
294 360
375 400
627 810
264 862
30 160
44 540
80 464
513 960
75 335
198 200
8 145
760 909
343 486
665 992
310 341
227 658
346 610
636 750
87 346
14 564
490 652
912 936
168 238
34 640
314 568
680 993
80 326
556 852
48 448
26 800
602 690
80 512
76 402
125 848
142 608
62 776
504 514
836 974
474 590
352 511
326 570
301 495
420 459
36 171
25 776
44 497
17 171
60 184
369 748
434 457
556 665
200 617
728 986
55 547
6 249
271 314
278 500
120 479
274 632
877 973
216 607
96 696
595 604
402 840
308 400
16 161
325 702
435 613
108 533
260 863
168 498
340 828
373 617
236 458
523 960
610 786
564 656
658 984
574 660
376 568
232 790
526 780
360 1000
448 620
4 80
248 752
357 834
124 308
320 644
544 869
652 890
596 633
82 112
83 296
384 928
600 632
177 508
284 423
656 910
25 800
630 975
566 855
172 250
386 740
200 968
44 775
265 920
630 890
941 964
58 743
502 910
617 710
93 656
69 470
140 232
436 1000
80 400
460 704
653 797
376 870
368 947
756 992
224 653
42 947
734 833
484 567
371 396
268 464
128 290
180 795
224 342
113 416
120 772
216 334
275 592
70 896
840 944
107 236
632 928
160 984
131 952
695 875
280 758
57 703
284 918
300 558
74 955
23 718
786 830
770 832
183 537
5 180
304 310
604 840
368 760
246 848
75 304
680 988
52 930
360 496
508 850
360 540
483 550
556 570
180 216
32 360
375 938
769 903
97 955
882 952
568 728
8 417
678 860
810 848
474 508
528 948
266 512
286 657
745 970
281 596
380 931
796 834
498 984
478 730
220 949
104 885
132 624
424 480
82 184
160 568
10 862
36 680
250 591
685 897
339 350
159 749
26 90
716 738
40 682
200 536
824 916
390 635
679 866
40 368
124 664
362 840
748 925
749 790
668 946
290 332
255 508
808 812
261 752
440 465
20 696
832 998
652 820
374 480
560 572
412 933
48 76
402 1000
225 280
298 536
558 934
475 875
80 588
552 944
8 600
399 988
210 800
250 360
176 699
530 1000
201 676
114 274
890 956
409 588
56 792
70 116
116 760
522 866
450 805
528 540
745 845
816 929
207 652
430 1000
313 886
280 335
412 812
76 84
567 654
40 717
104 213
413 781
560 700
420 560
126 327
172 314
158 940
600 601
152 873
720 973
310 894
629 880
512 940
236 653
166 518
586 682
704 832
750 912
95 400
252 798
20 830
486 560
202 332
351 381
96 640
518 598
16 676
582 738
608 948
32 138
365 626
810 967
13 800
607 800
552 780
32 200
304 654
218 620
256 700
164 710
300 600
541 744
52 784
71 395
567 892
219 442
710 960
316 960
192 596
400 507
192 528
34 262
480 976
108 200
240 520
520 917
200 912
798 912
524 640
50 155
119 584
829 1000
557 648
248 956
254 700
52 689
2 558
249 565
875 996
352 692
211 640
120 347
216 419
220 412
363 496
514 766
219 300
6 600
191 576
770 970
240 513
276 659
176 795
300 720
286 525
940 960
440 984
510 930
151 420
776 800
529 603
510 765
