1000 1000
1 2
1 3
1 4
1 5
1 6
1 7
1 8
1 9
1 10
1 11
1 12
1 13
1 14
1 15
1 16
1 17
1 18
1 19
1 20
1 21
1 22
1 23
1 24
1 25
1 26
1 27
1 28
1 29
1 30
1 31
1 32
1 33
1 34
1 35
1 36
1 37
1 38
1 39
1 40
1 41
1 42
1 43
1 44
1 45
1 46
1 47
1 48
1 49
1 50
1 51
1 52
1 53
1 54
1 55
1 56
1 57
1 58
1 59
1 60
1 61
1 62
1 63
1 64
1 65
1 66
1 67
1 68
1 69
1 70
1 71
1 72
1 73
1 74
1 75
1 76
1 77
1 78
1 79
1 80
1 81
1 82
1 83
1 84
1 85
1 86
1 87
1 88
1 89
1 90
1 91
1 92
1 93
1 94
1 95
1 96
1 97
1 98
1 99
1 100
1 101
1 102
1 103
1 104
1 105
1 106
1 107
1 108
1 109
1 110
1 111
1 112
1 113
1 114
1 115
1 116
1 117
1 118
1 119
1 120
1 121
1 122
1 123
1 124
1 125
1 126
1 127
1 128
1 129
1 130
1 131
1 132
1 133
1 134
1 135
1 136
1 137
1 138
1 139
1 140
1 141
1 142
1 143
1 144
1 145
1 146
1 147
1 148
1 149
1 150
1 151
1 152
1 153
1 154
1 155
1 156
1 157
1 158
1 159
1 160
1 161
1 162
1 163
1 164
1 165
1 166
1 167
1 168
1 169
1 170
1 171
1 172
1 173
1 174
1 175
1 176
1 177
1 178
1 179
1 180
1 181
1 182
1 183
1 184
1 185
1 186
1 187
1 188
1 189
1 190
1 191
1 192
1 193
1 194
1 195
1 196
1 197
1 198
1 199
1 200
1 201
1 202
1 203
1 204
1 205
1 206
1 207
1 208
1 209
1 210
1 211
1 212
1 213
1 214
1 215
1 216
1 217
1 218
1 219
1 220
1 221
1 222
1 223
1 224
1 225
1 226
1 227
1 228
1 229
1 230
1 231
1 232
1 233
1 234
1 235
1 236
1 237
1 238
1 239
1 240
1 241
1 242
1 243
1 244
1 245
1 246
1 247
1 248
1 249
1 250
1 251
1 252
1 253
1 254
1 255
1 256
1 257
1 258
1 259
1 260
1 261
1 262
1 263
1 264
1 265
1 266
1 267
1 268
1 269
1 270
1 271
1 272
1 273
1 274
1 275
1 276
1 277
1 278
1 279
1 280
1 281
1 282
1 283
1 284
1 285
1 286
1 287
1 288
1 289
1 290
1 291
1 292
1 293
1 294
1 295
1 296
1 297
1 298
1 299
1 300
1 301
1 302
1 303
1 304
1 305
1 306
1 307
1 308
1 309
1 310
1 311
1 312
1 313
1 314
1 315
1 316
1 317
1 318
1 319
1 320
1 321
1 322
1 323
1 324
1 325
1 326
1 327
1 328
1 329
1 330
1 331
1 332
1 333
1 334
1 335
1 336
1 337
1 338
1 339
1 340
1 341
1 342
1 343
1 344
1 345
1 346
1 347
1 348
1 349
1 350
1 351
1 352
1 353
1 354
1 355
1 356
1 357
1 358
1 359
1 360
1 361
1 362
1 363
1 364
1 365
1 366
1 367
1 368
1 369
1 370
1 371
1 372
1 373
1 374
1 375
1 376
1 377
1 378
1 379
1 380
1 381
1 382
1 383
1 384
1 385
1 386
1 387
1 388
1 389
1 390
1 391
1 392
1 393
1 394
1 395
1 396
1 397
1 398
1 399
1 400
1 401
1 402
1 403
1 404
1 405
1 406
1 407
1 408
1 409
1 410
1 411
1 412
1 413
1 414
1 415
1 416
1 417
1 418
1 419
1 420
1 421
1 422
1 423
1 424
1 425
1 426
1 427
1 428
1 429
1 430
1 431
1 432
1 433
1 434
1 435
1 436
1 437
1 438
1 439
1 440
1 441
1 442
1 443
1 444
1 445
1 446
1 447
1 448
1 449
1 450
1 451
1 452
1 453
1 454
1 455
1 456
1 457
1 458
1 459
1 460
1 461
1 462
1 463
1 464
1 465
1 466
1 467
1 468
1 469
1 470
1 471
1 472
1 473
1 474
1 475
1 476
1 477
1 478
1 479
1 480
1 481
1 482
1 483
1 484
1 485
1 486
1 487
1 488
1 489
1 490
1 491
1 492
1 493
1 494
1 495
1 496
1 497
1 498
1 499
1 500
1 501
1 502
1 503
1 504
1 505
1 506
1 507
1 508
1 509
1 510
1 511
1 512
1 513
1 514
1 515
1 516
1 517
1 518
1 519
1 520
1 521
1 522
1 523
1 524
1 525
1 526
1 527
1 528
1 529
1 530
1 531
1 532
1 533
1 534
1 535
1 536
1 537
1 538
1 539
1 540
1 541
1 542
1 543
1 544
1 545
1 546
1 547
1 548
1 549
1 550
1 551
1 552
1 553
1 554
1 555
1 556
1 557
1 558
1 559
1 560
1 561
1 562
1 563
1 564
1 565
1 566
1 567
1 568
1 569
1 570
1 571
1 572
1 573
1 574
1 575
1 576
1 577
1 578
1 579
1 580
1 581
1 582
1 583
1 584
1 585
1 586
1 587
1 588
1 589
1 590
1 591
1 592
1 593
1 594
1 595
1 596
1 597
1 598
1 599
1 600
1 601
1 602
1 603
1 604
1 605
1 606
1 607
1 608
1 609
1 610
1 611
1 612
1 613
1 614
1 615
1 616
1 617
1 618
1 619
1 620
1 621
1 622
1 623
1 624
1 625
1 626
1 627
1 628
1 629
1 630
1 631
1 632
1 633
1 634
1 635
1 636
1 637
1 638
1 639
1 640
1 641
1 642
1 643
1 644
1 645
1 646
1 647
1 648
1 649
1 650
1 651
1 652
1 653
1 654
1 655
1 656
1 657
1 658
1 659
1 660
1 661
1 662
1 663
1 664
1 665
1 666
1 667
1 668
1 669
1 670
1 671
1 672
1 673
1 674
1 675
1 676
1 677
1 678
1 679
1 680
1 681
1 682
1 683
1 684
1 685
1 686
1 687
1 688
1 689
1 690
1 691
1 692
1 693
1 694
1 695
1 696
1 697
1 698
1 699
1 700
1 701
1 702
1 703
1 704
1 705
1 706
1 707
1 708
1 709
1 710
1 711
1 712
1 713
1 714
1 715
1 716
1 717
1 718
1 719
1 720
1 721
1 722
1 723
1 724
1 725
1 726
1 727
1 728
1 729
1 730
1 731
1 732
1 733
1 734
1 735
1 736
1 737
1 738
1 739
1 740
1 741
1 742
1 743
1 744
1 745
1 746
1 747
1 748
1 749
1 750
1 751
1 752
1 753
1 754
1 755
1 756
1 757
1 758
1 759
1 760
1 761
1 762
1 763
1 764
1 765
1 766
1 767
1 768
1 769
1 770
1 771
1 772
1 773
1 774
1 775
1 776
1 777
1 778
1 779
1 780
1 781
1 782
1 783
1 784
1 785
1 786
1 787
1 788
1 789
1 790
1 791
1 792
1 793
1 794
1 795
1 796
1 797
1 798
1 799
1 800
1 801
1 802
1 803
1 804
1 805
1 806
1 807
1 808
1 809
1 810
1 811
1 812
1 813
1 814
1 815
1 816
1 817
1 818
1 819
1 820
1 821
1 822
1 823
1 824
1 825
1 826
1 827
1 828
1 829
1 830
1 831
1 832
1 833
1 834
1 835
1 836
1 837
1 838
1 839
1 840
1 841
1 842
1 843
1 844
1 845
1 846
1 847
1 848
1 849
1 850
1 851
1 852
1 853
1 854
1 855
1 856
1 857
1 858
1 859
1 860
1 861
1 862
1 863
1 864
1 865
1 866
1 867
1 868
1 869
1 870
1 871
1 872
1 873
1 874
1 875
1 876
1 877
1 878
1 879
1 880
1 881
1 882
1 883
1 884
1 885
1 886
1 887
1 888
1 889
1 890
1 891
1 892
1 893
1 894
1 895
1 896
1 897
1 898
1 899
1 900
1 901
1 902
1 903
1 904
1 905
1 906
1 907
1 908
1 909
1 910
1 911
1 912
1 913
1 914
1 915
1 916
1 917
1 918
1 919
1 920
1 921
1 922
1 923
1 924
1 925
1 926
1 927
1 928
1 929
1 930
1 931
1 932
1 933
1 934
1 935
1 936
1 937
1 938
1 939
1 940
1 941
1 942
1 943
1 944
1 945
1 946
1 947
1 948
1 949
1 950
1 951
1 952
1 953
1 954
1 955
1 956
1 957
1 958
1 959
1 960
1 961
1 962
1 963
1 964
1 965
1 966
1 967
1 968
1 969
1 970
1 971
1 972
1 973
1 974
1 975
1 976
1 977
1 978
1 979
1 980
1 981
1 982
1 983
1 984
1 985
1 986
1 987
1 988
1 989
1 990
1 991
1 992
1 993
1 994
1 995
1 996
1 997
1 998
1 999
1 1000
52 824
56 904
386 665
520 987
423 832
260 863
185 1000
120 863
332 846
450 969
485 625
712 954
64 288
646 662
615 805
444 669
80 944
86 423
312 966
27 65
226 504
595 640
308 789
52 993
36 770
560 637
415 620
236 462
599 904
77 817
24 421
96 336
365 696
176 825
554 592
792 840
400 614
288 600
110 974
441 620
40 790
271 943
99 856
62 864
210 720
688 729
590 640
192 260
284 392
240 910
206 960
248 590
70 388
452 565
169 690
200 260
84 732
462 871
75 946
713 923
729 776
118 608
296 900
58 828
440 472
44 516
700 880
37 582
44 952
344 876
219 834
56 331
298 984
94 412
14 672
405 936
200 322
415 496
620 904
832 978
561 652
116 846
866 881
600 770
285 951
366 864
428 752
750 893
440 575
232 400
256 630
49 880
142 698
138 898
296 992
254 520
624 824
750 768
266 480
751 872
226 273
452 599
320 426
65 720
314 809
150 360
304 580
248 968
268 297
364 770
380 934
420 760
39 656
280 520
304 712
216 531
232 320
268 810
332 741
892 920
172 540
320 530
51 680
700 968
477 626
456 490
875 940
263 376
32 175
865 896
480 940
814 948
16 341
514 740
902 922
280 875
42 722
54 953
424 556
704 762
307 984
92 240
192 642
925 1000
598 796
350 608
348 692
82 956
644 728
318 536
52 322
664 897
784 914
672 797
204 942
336 552
764 905
864 947
798 824
190 752
39 292
598 716
320 990
136 314
5 320
300 312
200 804
262 999
344 445
260 995
216 251
54 500
322 630
736 884
185 324
24 710
290 312
820 972
59 800
298 626
636 692
272 412
457 720
56 612
250 554
434 624
200 948
83 940
798 968
400 575
552 596
236 890
817 968
85 668
48 188
15 712
388 552
1 916
36 696
720 974
310 445
168 772
62 713
310 994
523 694
366 418
644 720
180 223
724 772
521 842
11 52
8 324
272 585
373 816
192 880
725 774
202 848
247 872
34 585
448 889
448 664
454 1000
480 900
341 470
310 666
462 993
440 816
444 544
560 1000
288 864
60 540
784 806
614 817
38 536
146 601
14 184
3 386
326 367
160 277
500 705
95 640
119 222
670 765
54 736
101 735
232 780
334 968
116 260
374 780
245 886
20 816
16 667
295 405
402 569
8 775
219 602
282 824
196 508
648 968
805 1000
376 382
365 840
544 628
633 880
512 710
897 916
448 555
776 856
250 878
296 904
483 802
828 901
468 896
700 1000
195 850
400 740
580 956
768 825
400 990
360 897
141 968
720 882
509 955
662 829
180 348
52 740
48 760
458 650
280 988
305 720
544 600
475 984
435 800
200 208
122 582
259 724
389 555
495 844
145 540
596 708
136 414
664 940
240 406
192 306
365 380
426 850
284 921
24 892
104 154
744 940
396 456
220 444
320 716
220 814
80 728
229 936
334 848
610 950
750 1000
220 382
182 210
22 886
550 680
386 684
341 528
214 800
164 676
120 420
316 989
220 676
498 600
595 892
875 997
715 745
670 804
110 644
30 904
596 800
240 624
418 492
790 928
998 1000
128 871
781 995
755 907
172 643
26 224
164 990
42 806
56 788
408 425
280 693
862 953
238 680
472 888
75 953
666 956
368 722
233 254
188 800
140 225
380 962
16 699
543 789
145 852
128 434
392 936
306 392
446 572
32 646
549 936
125 990
108 648
192 486
32 976
151 156
525 790
122 180
208 550
686 977
168 640
375 803
86 880
786 864
658 790
265 850
578 748
142 214
337 610
296 637
524 734
598 736
143 450
42 980
28 920
617 1000
320 640
265 868
200 498
28 280
449 675
410 580
639 920
522 737
209 975
840 896
35 340
35 777
200 730
650 850
168 820
222 592
160 650
100 852
408 506
78 86
347 876
530 984
396 480
28 528
340 828
123 599
208 336
538 610
45 680
52 418
496 990
168 622
456 920
688 959
249 899
80 983
669 864
50 443
232 858
110 986
168 528
277 375
470 1000
92 490
344 348
220 482
344 911
168 968
425 492
536 1000
285 471
679 776
40 190
592 975
470 616
73 880
712 820
532 822
442 775
464 866
410 920
320 910
500 581
620 760
264 824
320 800
635 793
12 934
20 296
233 278
8 128
219 895
286 644
295 751
15 176
29 427
648 815
180 412
344 581
535 774
75 363
249 666
296 693
94 400
54 680
482 560
104 169
399 505
220 947
216 927
456 570
150 242
558 980
254 400
64 467
326 372
674 969
612 690
832 1000
489 564
256 584
850 973
396 920
195 240
180 800
88 550
264 740
460 898
228 677
598 818
361 820
440 664
262 552
56 433
425 513
72 87
42 373
336 473
372 380
223 516
231 306
136 915
592 710
852 982
464 694
390 914
344 484
195 804
452 670
79 170
630 937
462 605
288 815
354 904
418 720
756 1000
416 725
776 950
435 650
273 398
210 800
92 378
512 980
475 496
550 972
848 997
416 780
812 969
265 978
249 557
197 800
253 875
210 603
387 570
310 988
328 840
335 500
24 192
650 708
420 511
357 520
41 311
412 486
525 656
40 325
20 990
938 986
645 908
321 467
330 490
448 494
356 486
255 392
376 686
752 937
460 896
28 841
768 908
100 800
550 820
20 250
40 510
164 500
565 832
475 530
600 675
310 336
380 520
64 854
640 954
366 660
600 818
336 736
224 1000
480 746
346 537
320 750
368 549
327 766
280 284
568 818
136 138
55 840
320 688
595 846
585 716
264 478
771 793
197 612
160 792
40 750
629 808
597 761
280 532
12 689
720 966
160 424
490 618
282 376
360 684
100 470
752 816
576 765
32 430
220 228
143 850
365 996
316 335
700 980
60 468
162 860
788 896
130 674
545 582
528 642
685 948
589 861
250 275
76 632
30 636
496 725
360 924
280 976
416 744
784 950
713 939
768 832
45 488
180 715
112 276
872 904
418 847
684 810
80 660
165 464
268 278
50 735
421 800
920 968
392 782
91 344
136 395
442 932
440 796
200 754
177 626
148 214
38 530
184 692
10 428
210 260
460 925
752 907
252 640
541 631
760 948
113 842
30 844
125 280
858 898
465 788
550 640
551 700
61 310
780 984
374 708
60 896
87 110
843 986
200 853
518 802
442 450
135 150
25 40
25 920
164 480
60 520
50 896
116 758
201 460
156 660
200 970
356 830
280 624
95 732
924 928
163 950
404 550
411 430
507 912
120 564
635 930
492 918
705 760
298 389
424 742
448 754
548 596
507 792
440 800
392 590
288 512
130 210
427 776
514 674
137 784
548 554
77 264
37 120
200 832
20 312
152 780
110 247
441 468
720 776
328 608
170 276
140 884
267 351
20 370
450 725
402 714
328 482
128 918
140 257
45 175
112 657
300 486
150 865
262 290
180 288
612 848
369 620
240 672
159 812
288 337
980 990
658 736
35 458
824 904
600 804
250 562
232 456
284 525
952 972
248 438
10 235
616 623
330 756
100 648
122 744
918 927
116 621
504 900
785 896
50 678
966 989
188 282
340 740
568 640
497 808
305 470
73 660
15 952
496 913
55 80
525 630
125 605
102 982
636 718
352 712
730 976
168 620
32 360
140 500
810 950
200 632
625 895
433 912
148 446
218 660
650 880
508 866
654 882
60 433
106 680
848 994
56 1000
533 560
465 834
18 227
16 588
440 852
60 412
135 943
273 702
432 790
124 454
104 352
367 646
536 632
680 694
588 992
105 303
104 392
122 960
650 860
500 924
610 816
321 785
495 700
216 358
546 770
263 468
180 540
592 964
788 976
8 960
94 450
192 401
462 560
668 872
123 797
437 712
694 816
590 629
320 948
56 57
368 656
36 500
368 678
408 902
408 1000
396 923
310 758
411 800
416 857
672 733
544 612
128 700
90 928
181 920
290 922
144 348
536 619
690 741
70 356
605 837
805 840
441 674
750 936
630 704
148 354
376 820
628 760
120 475
40 670
460 878
70 937
150 235
600 816
524 600
338 940
184 248
146 242
470 916
432 568
214 461
77 415
700 809
584 788
716 780
445 808
220 597
522 800
379 816
30 420
120 955
344 808
64 930
586 706
100 625
75 710
543 708
68 272
390 826
250 588
908 982
520 876
540 641
650 826
228 745
718 724
332 625
436 503
484 892
352 646
250 520
330 1000
128 624
252 748
254 355
762 970
576 858
753 824
313 987
432 573
192 990
567 764
376 814
570 861
346 504
840 985
515 960
792 798
132 758
550 863
795 984
206 440
376 882
507 750
176 716
400 550
136 240
320 325
387 758
46 270
568 784
570 643
528 590
488 798
108 125
406 438
228 362
160 628
256 580
535 730
321 796
28 204
439 570
152 370
50 1000
64 642
176 964
367 726
175 939
85 347
640 752
320 925
640 968
56 520
322 620
331 968
318 599
212 732
594 764
20 272
560 650
853 954
138 388
184 814
105 720
115 116
423 938
840 918
524 648
424 826
376 768
616 993
437 948
440 649
328 915
124 754
521 904
474 886
272 960
179 629
44 748
336 523
225 592
200 460
200 936
24 1000
508 866
