1000 500
1 2
3 2
4 2
5 2
6 4
3 7
3 8
2 9
9 10
8 11
6 12
13 7
14 2
1 15
16 3
5 17
11 18
19 14
10 20
7 21
12 22
21 23
24 13
6 25
26 24
27 19
24 28
29 1
30 25
31 9
3 32
27 33
34 33
19 35
35 36
37 12
11 38
39 32
11 40
8 41
42 13
43 25
22 44
2 45
36 46
23 47
48 12
18 49
7 50
21 51
52 35
8 53
54 3
55 11
56 48
23 57
58 36
8 59
11 60
46 61
62 53
62 63
64 10
50 65
66 24
67 51
19 68
35 69
70 27
71 23
72 29
73 26
52 74
4 75
41 76
50 77
78 4
79 32
42 80
81 4
17 82
83 2
59 84
85 20
86 61
87 72
88 29
89 35
63 90
91 48
92 7
52 93
92 94
95 61
26 96
78 97
98 85
40 99
3 100
101 25
74 102
103 4
104 81
17 105
106 11
42 107
79 108
61 109
110 37
59 111
112 56
106 113
114 24
50 115
61 116
89 117
20 118
10 119
120 108
68 121
75 122
12 123
124 98
125 34
76 126
82 127
109 128
129 110
130 23
131 44
49 132
133 24
134 65
135 97
53 136
68 137
42 138
139 62
140 97
141 54
45 142
143 77
84 144
145 132
85 146
147 12
148 142
149 22
82 150
151 57
152 51
153 25
54 154
155 26
156 36
157 72
90 158
159 26
144 160
161 82
136 162
96 163
155 164
100 165
166 26
37 167
168 82
169 148
170 125
171 148
172 118
173 170
142 174
173 175
176 23
177 18
178 107
6 179
78 180
20 181
73 182
1 183
184 29
35 185
186 134
187 38
146 188
189 127
190 37
162 191
192 47
193 123
161 194
113 195
80 196
197 187
198 57
199 163
200 130
201 87
64 202
203 108
204 18
166 205
39 206
173 207
208 85
69 209
90 210
211 25
71 212
89 213
214 25
215 25
216 12
48 217
218 172
219 99
176 220
13 221
27 222
223 24
209 224
72 225
50 226
227 143
44 228
143 229
230 59
231 47
168 232
233 191
234 93
197 235
236 196
237 231
238 154
55 239
240 36
11 241
32 242
22 243
244 108
119 245
246 158
247 155
248 176
249 74
197 250
251 134
252 61
112 253
254 122
255 152
217 256
25 257
115 258
259 196
130 260
261 219
262 92
263 236
68 264
203 265
266 102
24 267
268 106
116 269
270 267
7 271
145 272
215 273
204 274
25 275
276 232
249 277
278 75
279 24
120 280
209 281
282 43
283 67
179 284
143 285
238 286
17 287
288 55
289 270
243 290
291 151
292 96
171 293
125 294
230 295
193 296
123 297
209 298
121 299
49 300
278 301
22 302
302 303
304 282
305 6
228 306
307 52
95 308
240 309
248 310
195 311
147 312
313 243
314 299
102 315
289 316
271 317
134 318
319 273
59 320
71 321
322 300
291 323
324 280
325 188
326 142
327 17
159 328
329 264
330 8
331 203
332 52
271 333
334 110
335 91
336 7
337 186
288 338
179 339
340 336
341 90
193 342
343 188
344 337
66 345
275 346
347 229
348 21
291 349
350 76
54 351
266 352
197 353
270 354
92 355
341 356
96 357
16 358
346 359
280 360
233 361
362 41
312 363
364 168
365 329
366 1
344 367
368 16
369 193
370 356
3 371
372 191
373 109
374 114
375 185
112 376
377 277
116 378
305 379
380 229
381 58
346 382
383 306
384 151
385 263
337 386
387 8
388 122
41 389
390 312
391 124
111 392
110 393
240 394
328 395
192 396
119 397
193 398
399 186
400 50
401 269
402 285
403 41
404 323
405 232
406 137
407 406
195 408
164 409
268 410
411 179
412 76
235 413
289 414
103 415
416 27
417 397
418 316
276 419
420 248
421 395
422 117
423 73
38 424
425 63
149 426
174 427
233 428
157 429
430 12
323 431
432 114
433 334
434 188
435 269
436 278
428 437
438 292
439 46
440 193
441 55
442 257
443 82
444 165
445 303
446 426
447 307
133 448
449 216
450 75
156 451
263 452
300 453
454 275
307 455
173 456
180 457
458 351
307 459
460 236
461 288
445 462
175 463
158 464
465 18
188 466
316 467
468 99
91 469
103 470
362 471
23 472
473 247
474 255
130 475
128 476
368 477
478 55
401 479
480 270
481 38
173 482
483 481
242 484
485 370
203 486
487 163
488 67
489 462
440 490
491 490
182 492
151 493
494 454
83 495
496 226
497 139
271 498
499 140
413 500
501 75
193 502
494 503
504 183
395 505
265 506
507 39
508 76
509 465
510 489
436 511
512 461
57 513
514 144
515 398
99 516
24 517
518 486
519 514
114 520
236 521
51 522
523 210
386 524
122 525
526 453
410 527
258 528
529 24
530 131
531 205
101 532
299 533
67 534
535 93
129 536
537 59
538 221
539 22
48 540
422 541
542 394
543 292
86 544
545 433
546 339
547 207
548 292
549 294
550 324
378 551
552 169
382 553
554 411
555 398
556 379
557 521
558 272
501 559
560 253
442 561
75 562
563 425
263 564
460 565
566 50
510 567
161 568
527 569
570 250
241 571
572 259
573 387
405 574
91 575
576 147
577 492
374 578
512 579
580 116
345 581
582 254
449 583
179 584
541 585
217 586
587 149
408 588
589 461
429 590
591 356
592 77
527 593
521 594
595 550
596 485
597 553
598 500
167 599
105 600
408 601
192 602
525 603
222 604
605 373
606 168
607 66
608 333
609 204
610 89
400 611
217 612
613 383
614 317
334 615
385 616
80 617
395 618
619 47
620 394
621 189
622 273
95 623
624 298
625 457
626 109
627 88
628 624
629 505
318 630
631 628
632 284
565 633
634 36
369 635
636 453
587 637
638 92
239 639
437 640
304 641
584 642
643 186
644 325
645 494
646 227
608 647
648 175
215 649
650 70
211 651
493 652
157 653
654 600
655 76
656 603
183 657
658 331
416 659
618 660
661 307
197 662
232 663
383 664
665 6
406 666
667 131
120 668
629 669
670 280
671 185
22 672
673 152
674 326
370 675
676 188
278 677
454 678
679 107
258 680
681 602
682 41
683 89
684 628
285 685
686 109
182 687
667 688
378 689
690 309
496 691
203 692
208 693
108 694
695 299
465 696
27 697
698 385
699 577
700 177
396 701
317 702
163 703
704 541
4 705
706 119
54 707
155 708
461 709
710 581
275 711
419 712
386 713
714 533
715 549
11 716
717 413
718 640
422 719
582 720
721 400
489 722
287 723
391 724
450 725
726 422
519 727
509 728
341 729
730 525
330 731
732 360
733 46
734 505
735 7
696 736
737 469
738 657
739 445
740 150
401 741
319 742
465 743
744 583
745 213
746 659
354 747
748 295
749 310
255 750
236 751
752 562
171 753
636 754
755 465
756 370
757 371
758 177
690 759
88 760
761 667
762 477
763 462
764 504
765 429
63 766
767 41
441 768
769 106
124 770
520 771
295 772
773 193
774 186
652 775
776 73
685 777
778 387
7 779
780 165
781 43
268 782
723 783
1 784
785 474
786 700
787 704
74 788
574 789
790 710
410 791
792 427
5 793
794 417
795 153
796 140
636 797
798 264
412 799
800 201
99 801
679 802
803 201
804 428
805 653
806 193
807 565
808 524
362 809
810 724
811 508
677 812
733 813
814 354
3 815
400 816
686 817
486 818
32 819
820 257
252 821
822 110
823 667
824 252
404 825
826 169
513 827
828 492
829 480
830 79
831 761
676 832
833 417
834 506
266 835
836 65
837 158
838 819
709 839
142 840
522 841
842 765
387 843
844 220
845 18
203 846
847 634
848 633
849 677
850 661
535 851
745 852
853 327
854 326
480 855
605 856
857 126
578 858
722 859
689 860
861 152
250 862
392 863
9 864
865 579
866 721
296 867
868 599
138 869
870 552
871 789
168 872
31 873
874 657
335 875
306 876
580 877
214 878
739 879
880 162
529 881
871 882
315 883
832 884
885 37
886 870
85 887
888 29
889 93
890 548
338 891
892 243
324 893
894 83
895 17
896 589
232 897
898 231
114 899
900 761
563 901
902 252
236 903
904 524
136 905
64 906
907 699
908 367
909 214
910 454
911 165
912 590
913 721
914 247
915 291
916 625
917 245
918 213
107 919
920 112
152 921
20 922
923 628
900 924
925 40
926 734
317 927
928 926
243 929
635 930
784 931
932 456
933 805
541 934
666 935
936 602
937 109
217 938
391 939
819 940
941 264
439 942
633 943
447 944
945 741
640 946
947 755
583 948
424 949
950 738
623 951
219 952
953 160
954 946
955 882
956 735
260 957
810 958
959 100
907 960
705 961
791 962
804 963
964 92
965 46
966 479
967 607
968 640
383 969
240 970
971 158
972 530
127 973
974 717
525 975
557 976
846 977
978 50
979 252
315 980
876 981
929 982
983 257
984 830
985 123
986 214
583 987
988 747
989 93
261 990
853 991
992 160
993 916
96 994
995 215
996 501
997 372
190 998
654 999
632 1000
634 724
40 864
48 728
125 752
151 190
216 512
120 257
422 660
91 826
400 568
457 652
315 536
656 663
84 640
126 558
640 976
735 916
342 618
84 362
105 355
504 988
66 535
392 762
305 422
529 758
681 884
674 960
156 160
766 826
323 420
360 472
668 748
639 759
110 832
612 891
278 279
564 746
680 904
340 448
32 760
288 716
734 964
275 968
352 804
162 548
46 418
128 521
368 384
424 974
744 992
464 852
490 600
176 452
358 648
240 587
80 560
156 236
341 880
370 840
100 776
750 868
414 488
8 852
444 530
561 900
728 742
832 876
300 450
408 705
662 672
357 990
484 855
715 892
273 436
275 876
142 303
296 505
394 750
304 844
272 807
852 853
905 978
21 960
312 896
311 450
292 428
873 904
318 808
631 872
45 580
220 425
504 891
472 613
528 751
505 916
60 420
64 805
535 746
92 99
182 689
143 696
84 958
272 340
448 748
100 972
502 560
276 356
851 950
414 768
768 824
775 900
144 464
124 392
836 985
651 790
719 937
88 832
384 982
600 962
480 616
215 338
794 888
839 886
590 784
601 869
33 92
418 625
650 920
20 680
46 680
440 693
151 1000
264 618
82 128
664 902
376 866
240 364
95 430
500 750
182 253
316 640
354 732
480 768
364 376
920 962
392 892
150 700
82 655
815 940
475 1000
350 528
120 960
926 927
638 896
279 320
403 650
18 179
173 375
558 852
325 452
20 160
568 916
48 155
266 991
565 960
235 914
40 872
207 437
549 644
312 344
254 435
552 938
470 622
222 616
820 960
440 752
715 925
8 989
264 860
456 460
315 552
322 870
242 292
230 788
374 716
147 931
4 585
245 295
680 712
40 324
528 750
331 600
416 904
160 804
240 712
625 650
416 889
564 868
844 880
149 640
20 964
30 676
410 954
372 538
60 869
230 701
250 360
400 645
70 570
252 568
756 943
444 520
520 845
597 635
306 504
347 558
286 436
4 341
390 850
416 706
160 394
488 500
402 800
240 260
140 580
264 376
27 520
314 802
747 785
745 815
320 464
650 886
208 330
212 385
62 664
360 860
10 390
760 826
112 528
503 660
179 206
328 494
476 800
90 145
792 800
116 872
120 421
205 233
85 960
72 398
74 616
68 638
680 759
789 857
604 950
560 850
45 420
849 1000
320 327
240 710
70 860
154 856
360 676
577 637
8 102
589 909
609 825
810 972
75 708
492 800
100 540
343 432
664 698
654 970
290 952
235 311
390 1000
267 875
324 875
144 394
202 704
352 360
282 400
186 722
344 472
566 651
392 698
34 237
392 936
100 543
180 995
206 605
245 520
296 880
152 528
196 668
388 416
6 608
438 956
480 922
556 747
184 859
136 585
370 921
250 928
218 625
396 878
328 984
724 750
300 390
20 436
575 814
55 960
786 810
19 40
394 672
570 573
55 808
464 880
247 446
608 974
506 576
40 847
543 570
200 601
460 501
940 954
276 400
208 766
588 840
318 720
416 430
220 300
432 900
503 848
230 768
565 720
504 863
126 230
420 1000
120 608
164 386
100 850
24 170
536 625
38 599
657 918
280 935
592 822
385 528
138 980
840 993
35 143
77 577
42 290
187 862
18 400
616 635
320 913
163 504
305 796
320 499
919 920
443 983
64 777
608 640
155 998
140 690
257 562
208 341
564 728
81 705
732 925
444 808
540 784
390 947
328 430
90 152
663 685
472 492
45 520
54 585
115 465
198 712
53 483
464 527
640 920
80 749
136 590
19 964
304 336
338 662
394 644
76 710
251 900
120 397
484 949
26 136
578 610
169 338
649 730
683 990
148 275
457 919
431 774
136 420
245 700
695 860
950 953
97 250
300 547
104 932
471 884
240 975
458 830
200 460
626 768
50 880
276 745
122 562
306 974
453 866
640 880
800 834
450 507
208 375
584 600
204 810
900 940
320 336
192 842
250 899
525 607
160 831
692 977
344 356
32 776
88 256
655 688
150 290
212 720
853 1000
126 809
75 230
602 940
140 638
62 196
184 935
800 862
6 92
890 957
114 276
64 900
232 750
422 580
900 994
300 944
385 928
82 688
168 272
16 565
42 184
328 812
32 725
90 578
4 507
580 664
594 680
176 592
141 460
69 296
608 677
272 290
590 920
702 956
311 760
96 808
376 740
7 225
294 1000
69 340
590 744
570 605
314 577
370 934
484 665
656 696
219 896
320 975
250 812
192 478
288 912
764 776
324 680
40 700
344 808
516 1000
390 675
928 945
595 641
