999 1000
1 2
1 3
4 2
2 5
3 6
7 6
8 4
6 9
10 4
9 11
3 12
13 11
13 14
15 5
4 16
6 17
10 18
12 19
11 20
9 21
22 6
20 23
24 2
25 24
2 26
27 14
28 13
16 29
29 30
24 31
25 32
33 3
34 29
3 35
36 34
18 37
29 38
3 39
40 12
10 41
42 13
15 43
15 44
24 45
35 46
47 30
48 39
49 46
14 50
35 51
6 52
53 39
54 32
49 55
56 53
38 57
58 41
43 59
19 60
23 61
58 62
29 63
64 53
65 12
66 58
67 24
8 68
69 46
58 70
71 18
72 45
10 73
11 74
50 75
76 28
49 77
48 78
79 35
34 80
81 24
82 50
83 54
40 84
12 85
86 85
87 63
88 84
39 89
90 39
91 58
92 14
93 1
11 94
95 41
25 96
8 97
69 98
99 14
64 100
41 101
59 102
103 6
104 40
29 105
106 56
96 107
4 108
109 77
45 110
111 62
112 36
113 86
90 114
104 115
18 116
117 113
118 18
102 119
120 2
121 92
84 122
123 54
26 124
125 91
126 105
127 122
128 71
129 120
130 6
131 4
132 64
47 133
134 46
135 7
136 12
137 11
11 138
139 81
79 140
141 68
142 72
143 103
124 144
145 103
146 113
147 135
107 148
33 149
132 150
61 151
22 152
153 3
29 154
155 73
22 156
4 157
158 87
36 159
119 160
90 161
162 105
163 83
164 97
149 165
102 166
167 109
168 29
4 169
170 164
171 62
172 116
173 10
86 174
161 175
167 176
177 123
178 4
130 179
180 63
48 181
182 34
127 183
178 184
185 6
186 84
187 93
188 136
115 189
39 190
182 191
118 192
48 193
126 194
53 195
156 196
197 150
198 27
199 151
172 200
201 33
202 126
160 203
204 4
44 205
206 121
207 99
41 208
98 209
27 210
104 211
72 212
70 213
128 214
215 48
216 114
217 85
218 60
219 143
220 203
221 207
11 222
219 223
115 224
225 89
12 226
227 224
228 110
82 229
222 230
133 231
232 43
41 233
234 112
93 235
236 235
44 237
238 95
183 239
38 240
241 29
15 242
113 243
244 164
160 245
148 246
247 98
51 248
249 174
250 161
251 212
2 252
253 249
254 133
173 255
183 256
257 54
103 258
121 259
208 260
261 225
122 262
11 263
264 56
244 265
266 255
267 142
268 199
269 220
226 270
271 159
213 272
251 273
274 147
143 275
113 276
125 277
42 278
279 214
151 280
19 281
282 252
264 283
247 284
285 167
286 56
287 19
288 7
165 289
290 110
291 29
185 292
293 15
87 294
67 295
61 296
11 297
229 298
299 284
127 300
184 301
136 302
303 186
304 92
305 140
306 279
79 307
246 308
309 45
125 310
311 117
312 168
313 243
157 314
315 187
316 4
317 208
318 99
319 126
320 318
136 321
322 27
274 323
324 300
325 197
154 326
327 169
177 328
284 329
52 330
331 315
332 156
178 333
105 334
101 335
336 199
337 321
145 338
339 313
318 340
104 341
283 342
343 45
344 79
6 345
346 135
80 347
14 348
176 349
102 350
160 351
275 352
353 318
342 354
154 355
356 281
357 126
7 358
59 359
268 360
241 361
362 199
79 363
277 364
365 112
366 72
367 246
368 116
369 56
370 3
87 371
316 372
373 367
374 114
305 375
376 360
285 377
38 378
32 379
380 134
295 381
174 382
49 383
72 384
39 385
386 227
320 387
126 388
389 226
390 300
196 391
183 392
393 105
327 394
286 395
396 200
397 337
396 398
399 175
163 400
401 275
167 402
403 53
92 404
405 217
406 314
407 321
151 408
409 326
410 187
411 321
107 412
413 318
414 357
415 109
416 356
417 196
418 345
57 419
62 420
222 421
336 422
202 423
424 315
425 253
350 426
427 41
428 37
429 97
430 157
321 431
432 258
433 129
150 434
39 435
436 391
246 437
13 438
29 439
440 271
441 412
442 200
443 339
421 444
424 445
357 446
447 11
448 246
449 20
241 450
451 77
452 422
453 293
454 355
455 270
456 190
457 75
436 458
103 459
117 460
461 93
110 462
307 463
464 126
259 465
466 238
457 467
297 468
246 469
380 470
41 471
472 414
473 436
44 474
159 475
213 476
453 477
478 23
479 428
480 23
375 481
274 482
387 483
59 484
363 485
67 486
487 429
488 63
141 489
490 390
152 491
492 208
252 493
494 303
319 495
496 120
497 104
498 190
294 499
500 216
110 501
502 218
503 181
504 64
79 505
506 73
359 507
365 508
381 509
510 399
511 78
512 217
77 513
29 514
515 193
516 236
517 320
327 518
369 519
159 520
521 210
31 522
523 109
524 358
525 118
526 247
527 323
203 528
384 529
530 525
512 531
119 532
533 365
534 183
535 265
46 536
537 326
538 535
539 466
540 286
453 541
542 242
194 543
213 544
545 471
546 404
51 547
548 180
32 549
533 550
551 106
552 391
553 195
120 554
555 176
556 132
43 557
558 296
559 218
499 560
561 59
438 562
563 170
310 564
475 565
566 223
567 284
303 568
224 569
570 377
497 571
572 384
236 573
574 481
61 575
258 576
577 340
578 74
462 579
545 580
220 581
122 582
199 583
584 169
585 86
586 405
587 521
272 588
589 452
590 205
319 591
592 285
593 537
594 450
595 49
399 596
16 597
598 301
386 599
571 600
601 37
411 602
603 551
450 604
510 605
606 163
607 477
608 259
196 609
294 610
611 157
78 612
139 613
146 614
123 615
616 279
501 617
406 618
619 273
620 584
621 343
328 622
623 584
417 624
625 619
611 626
185 627
274 628
257 629
182 630
431 631
117 632
350 633
634 305
491 635
636 270
637 132
28 638
639 328
328 640
641 295
642 540
643 172
644 337
645 17
646 568
104 647
648 484
287 649
650 496
127 651
652 84
653 155
343 654
655 387
299 656
657 368
658 463
659 336
340 660
661 9
455 662
663 166
90 664
114 665
666 451
560 667
668 521
608 669
670 539
312 671
345 672
510 673
674 575
479 675
676 202
677 103
450 678
670 679
671 680
681 429
106 682
683 592
225 684
685 233
686 423
289 687
688 162
689 520
381 690
691 544
692 256
693 60
694 567
695 522
696 145
585 697
157 698
499 699
700 331
701 464
486 702
38 703
123 704
519 705
282 706
643 707
34 708
419 709
710 541
364 711
712 525
477 713
634 714
364 715
242 716
717 626
18 718
595 719
720 29
660 721
221 722
328 723
694 724
725 214
726 493
383 727
151 728
683 729
488 730
572 731
178 732
733 123
734 189
507 735
471 736
612 737
227 738
739 169
740 402
741 299
231 742
743 336
212 744
745 153
69 746
747 425
86 748
275 749
55 750
383 751
752 489
753 738
522 754
751 755
756 182
757 16
141 758
423 759
760 17
360 761
84 762
763 111
764 134
765 270
766 374
139 767
98 768
565 769
11 770
488 771
622 772
15 773
114 774
775 548
776 631
777 592
359 778
779 507
702 780
781 535
665 782
783 343
305 784
500 785
84 786
126 787
629 788
789 636
660 790
5 791
709 792
793 569
516 794
795 737
796 131
797 339
798 531
339 799
214 800
600 801
802 415
803 741
576 804
725 805
84 806
124 807
808 741
809 107
426 810
811 755
812 652
263 813
663 814
815 636
318 816
817 649
818 171
819 219
159 820
761 821
316 822
224 823
209 824
213 825
826 455
91 827
491 828
829 152
830 660
831 660
832 541
367 833
834 803
835 285
836 584
491 837
142 838
448 839
362 840
841 120
842 205
843 340
545 844
845 1
225 846
549 847
848 458
849 98
211 850
851 180
388 852
853 224
326 854
368 855
681 856
857 380
845 858
229 859
860 722
861 221
862 628
266 863
252 864
865 345
652 866
867 637
868 461
268 869
870 447
871 470
815 872
873 57
23 874
875 234
876 155
877 631
186 878
879 134
671 880
881 734
882 394
298 883
297 884
383 885
886 184
887 340
459 888
889 679
890 270
891 545
167 892
580 893
888 894
895 233
896 890
759 897
898 733
899 119
473 900
628 901
902 16
903 593
904 596
253 905
906 176
584 907
149 908
909 496
910 488
911 895
912 781
913 621
361 914
915 67
857 916
917 496
138 918
366 919
5 920
157 921
66 922
923 218
924 193
925 691
843 926
927 641
928 731
929 679
930 91
931 626
182 932
840 933
626 934
935 100
936 681
937 173
938 298
939 362
228 940
941 788
141 942
355 943
944 664
945 47
946 638
947 334
948 447
949 262
950 45
951 780
952 755
286 953
954 828
955 729
956 310
437 957
958 180
959 15
39 960
961 139
462 962
963 94
964 288
965 862
966 949
661 967
718 968
224 969
97 970
546 971
517 972
973 920
974 569
859 975
976 257
84 977
978 419
979 974
979 980
981 538
769 982
983 510
889 984
985 210
986 473
987 502
988 237
518 989
990 906
991 52
504 992
993 802
251 994
859 995
438 996
988 997
998 60
456 999
400 685
664 822
252 962
47 291
985 987
183 867
594 639
18 517
254 831
205 381
27 601
514 999
450 549
53 110
215 712
173 990
343 972
60 392
636 999
705 993
279 681
325 946
201 506
163 185
831 838
678 837
387 828
531 688
372 717
405 840
286 468
270 681
696 945
360 846
74 672
169 170
291 370
132 441
207 414
74 634
486 732
223 588
273 446
467 648
388 993
933 941
240 351
92 441
530 569
135 720
705 808
499 894
660 999
109 740
129 820
518 954
639 885
801 949
668 701
544 888
117 150
198 392
351 481
165 402
93 421
372 456
558 888
671 783
213 477
423 809
113 912
198 558
86 266
336 994
576 648
135 331
273 949
229 714
323 405
299 663
30 684
122 519
123 888
304 305
110 208
583 999
331 552
181 526
170 820
192 484
468 654
750 819
921 936
369 950
237 621
371 924
135 576
967 997
69 330
360 626
147 423
653 847
9 831
342 833
169 378
297 585
505 573
402 921
741 790
49 585
48 272
648 861
429 452
555 769
387 492
372 408
773 936
288 962
234 490
552 991
99 360
747 804
206 519
587 636
126 138
808 966
368 711
103 951
69 948
339 900
465 671
592 603
567 722
399 593
147 999
4 825
651 926
768 783
423 882
531 747
151 729
661 801
273 368
16 49
179 831
104 309
144 708
378 939
712 753
306 661
436 965
246 788
52 78
59 799
513 737
108 964
495 990
95 240
480 725
546 835
603 630
677 715
537 592
405 848
266 396
195 491
55 867
370 486
88 932
360 423
392 559
89 400
928 960
505 564
126 889
698 767
567 885
176 259
714 852
386 813
15 743
99 527
554 898
752 816
219 508
450 944
298 641
495 552
521 851
643 832
503 886
41 321
215 396
237 451
890 983
180 272
75 518
221 855
467 909
63 413
640 645
162 270
240 645
333 648
561 572
732 981
360 664
39 252
623 758
143 709
620 646
768 801
450 810
422 882
261 366
257 795
240 645
481 623
555 831
325 354
183 991
741 783
317 339
91 602
547 877
701 869
96 924
269 648
646 885
465 888
397 777
460 514
385 612
317 920
324 912
318 810
189 559
2 310
441 777
105 865
139 982
649 979
651 879
371 528
325 884
158 621
688 960
860 914
168 691
273 723
146 618
306 786
493 648
661 885
21 918
547 956
420 688
99 288
212 939
432 479
384 567
232 657
822 888
516 939
570 579
679 942
705 894
13 548
14 444
753 864
72 734
375 725
691 951
221 339
231 641
192 504
813 831
36 984
371 809
213 804
49 519
213 990
313 771
700 894
834 917
381 453
798 948
105 234
522 693
200 327
432 999
13 752
261 332
3 288
700 895
320 576
132 646
111 924
432 956
192 972
306 564
266 692
411 963
640 753
105 683
237 951
50 794
198 816
299 520
219 423
903 985
136 777
534 810
404 481
566 642
79 781
674 974
110 391
399 924
408 558
605 606
359 552
378 393
504 924
424 878
600 674
364 672
634 987
183 734
366 503
45 471
870 971
333 638
159 303
168 825
747 808
96 217
91 801
370 420
528 801
396 518
171 494
299 795
399 930
148 484
177 765
174 792
99 281
459 666
252 696
703 965
11 155
6 968
54 71
345 567
121 783
215 589
423 810
609 862
16 169
385 546
356 910
480 606
68 754
420 624
90 179
756 879
542 855
429 549
645 904
417 898
558 713
5 527
131 534
423 833
64 717
732 747
717 876
654 861
303 684
506 514
621 676
413 477
195 999
103 156
51 554
72 396
442 740
411 735
400 937
333 502
768 769
134 621
756 787
229 249
925 989
144 798
324 836
159 862
259 587
726 864
393 467
153 239
108 955
81 665
162 479
544 555
414 720
505 841
324 393
375 450
9 591
169 837
242 783
554 879
27 257
104 540
199 612
26 648
633 888
198 768
119 173
111 714
81 103
172 852
658 891
144 603
141 983
337 375
324 945
114 891
38 609
540 747
4 39
27 57
879 894
218 550
378 485
597 975
45 665
579 997
154 282
209 592
153 851
110 733
481 966
176 971
90 331
710 831
111 507
9 972
232 541
9 180
222 555
115 936
180 397
302 881
165 464
675 768
232 266
654 669
153 995
327 704
111 451
247 252
266 767
180 247
248 634
765 872
498 591
705 899
213 647
58 882
58 573
237 439
825 918
497 873
47 462
209 927
262 876
603 987
621 650
567 982
411 777
58 604
113 141
23 428
420 615
150 646
333 766
253 323
232 772
464 624
183 771
121 765
540 543
564 769
28 469
229 433
270 325
277 414
351 514
500 899
297 804
325 891
951 972
61 999
135 390
168 363
86 938
382 741
60 464
552 651
79 915
386 641
542 642
349 753
56 807
227 462
586 900
474 684
577 817
810 861
148 339
118 250
383 507
772 972
264 777
378 731
668 969
396 871
330 998
135 658
567 645
244 303
449 844
70 549
111 502
225 542
459 582
209 302
405 605
35 273
417 981
135 231
156 754
25 990
235 756
299 656
25 719
660 714
138 974
510 877
336 438
512 851
77 951
332 520
309 348
630 888
935 953
570 869
404 744
474 701
697 894
349 378
701 731
598 676
291 395
261 951
18 855
220 740
150 196
626 817
447 944
333 432
78 927
99 481
255 575
627 819
500 698
771 915
779 810
287 624
108 133
222 243
37 228
59 174
636 803
670 737
96 373
576 668
78 968
513 800
227 888
224 567
769 932
270 383
668 772
324 728
112 883
166 357
726 845
9 375
783 953
366 735
148 955
806 954
437 714
21 312
721 999
54 880
534 684
531 653
237 870
140 684
842 866
498 513
271 353
534 726
506 560
111 318
271 918
424 738
106 384
442 501
87 946
126 130
333 572
298 405
511 548
100 750
417 870
435 653
156 507
860 867
334 450
162 183
72 94
327 689
111 819
18 873
159 909
34 780
606 921
478 862
456 848
15 577
537 897
12 354
450 962
14 486
258 759
172 281
66 394
81 738
271 467
294 775
555 630
36 253
459 765
72 279
465 979
299 515
702 901
270 759
417 609
770 940
38 688
876 945
411 795
241 249
486 810
144 498
670 929
153 590
78 203
363 838
415 995
606 738
144 663
450 556
51 93
134 656
458 736
162 361
117 271
105 735
320 516
264 449
373 563
841 880
228 585
627 936
47 519
399 954
722 999
286 621
407 591
571 859
229 604
15 447
120 467
357 918
260 354
120 516
480 933
320 698
735 923
111 220
369 904
916 935
28 51
136 145
675 747
666 674
174 456
629 758
195 369
64 999
75 931
66 99
81 387
478 516
299 810
75 92
151 843
292 801
546 714
99 278
101 946
614 679
336 723
837 895
740 904
642 877
529 531
54 814
207 516
171 582
443 753
378 459
865 999
446 747
95 246
222 297
144 813
45 432
118 759
521 904
678 749
497 670
822 918
36 99
171 371
3 747
225 618
272 393
477 846
694 807
260 291
187 864
430 650
468 885
479 673
736 839
48 732
203 213
750 774
125 628
284 306
389 712
155 480
474 857
457 914
84 999
747 809
389 835
400 885
189 677
573 878
50 675
369 959
42 339
299 900
112 189
915 930
708 919
14 411
279 752
325 715
51 591
377 868
648 964
345 558
545 963
864 917
708 740
279 536
412 978
648 684
685 954
540 796
309 577
236 393
58 358
331 760
438 734
3 130
146 482
572 675
423 481
540 656
81 489
266 703
657 864
60 155
387 973
144 312
31 255
134 330
816 897
626 957
545 666
102 938
70 972
145 324
337 650
15 23
471 524
592 732
75 288
21 414
384 678
102 655
499 660
238 666
199 962
876 994
30 905
278 321
270 951
93 981
36 467
702 763
154 666
816 835
245 540
382 398
119 309
242 371
123 972
552 791
252 573
239 577
155 868
27 848
89 420
153 259
519 738
194 441
396 565
9 262
288 648
242 335
180 182
948 962
102 537
306 452
618 648
15 625
202 901
724 849
153 378
28 410
305 924
326 837
88 672
290 678
856 994
648 818
630 745
363 555
296 989
54 63
552 634
640 812
10 353
72 178
111 807
278 656
87 439
825 841
90 270
306 948
484 962
60 245
428 969
201 839
426 688
422 613
134 492
44 358
594 662
72 796
51 231
86 413
81 736
536 774
162 411
96 999
355 780
64 668
74 110
312 486
275 753
66 858
508 742
701 849
872 973
143 426
555 678
771 934
356 804
138 593
212 729
369 920
459 918
236 729
77 877
481 498
58 803
516 915
12 243
291 855
422 897
416 864
98 698
827 839
147 242
207 262
577 602
808 930
120 302
10 168
84 231
315 952
147 348
108 518
52 927
513 710
724 924
265 459
296 333
465 810
729 949
630 888
45 467
519 798
243 630
699 736
639 783
114 176
689 925
290 573
301 650
69 474
507 880
529 567
161 458
204 569
33 251
26 972
314 504
252 390
78 105
807 825
207 258
210 241
683 957
234 376
54 394
111 681
303 417
138 945
95 710
474 507
310 408
79 567
648 990
156 300
120 962
561 784
369 447
27 727
459 915
336 795
532 662
333 561
333 973
512 810
